## - cloud resource specifications
numberOfClouds 
 3
packagename
 m3.medium m3.large m3.xlarge m3.2xlarge c3.large c3.xlarge c3.2xlarge c3.4xlarge c3.8xlarge r3.large r3.xlarge r3.2xlarge r3.4xlarge r3.8xlarge i2.xlarge i2.2xlarge i2.4xlarge i2.8xlarge n1-standard-1 n1-standard-2 n1-standard-4 n1-standard-8 n1-standard-16 n1-highcpu-2 n1-highcpu-4 n1-highcpu-8 n1-highcpu-16 n1-highmem-2 n1-highmem-4 n1-highmem-8 n1-highmem-16 A0 A1 A2 A3 A4 A5 A6 A7 D1 D2 D3 D4 D11 D12 D13 D14 A10 A11
package
 18 13 18
Gflops
 190 380 760 1520 426 852 1704 3408 6816 380 760 1520 3040 6080 760 1520 3040 6080 159 317 634 1268 2536 317 634 1268 2536 317 634 1268 2536 168 168 335 670 1340 670 1340 2680 335 670 1340 2680 670 1340 2680 5360 3040 6080
ram
 3.75 7.5 15 30 3.75 7.5 15 30 60 15.25 30.5 61 122 244 30.5 61 122 244 3.75 7.5 15 30 60 1.8 3.6 7.2 14.4 13 26 52 104 0.75 1.75 3.5 7.0 14.0 14.0 28.0 56.0 3.5 7.0 14.0 28.0 14.0 28.0 56.0 112.0 56.0 112.0
disk
 4.0 32.0 80.0 160.0 32.0 80.0 160.0 320.0 640.0 32.0 80.0 160.0 320.0 640.0 800.0 1600.0 3200.0 6400.0 100.0 250.0 500.0 750.0 1000.0 250.0 500.0 750.0 1000.0 250.0 500.0 750.0 1000.0 20.0 70.0 135.0 285.0 605.0 135.0 285.0 605.0 50.0 100.0 200.0 400.0 100.0 200.0 400.0 800.0 382.0 382.0
locationProvider
 7 3 8
locationID
 1 1 2 2 3 4 5 1 2 3 1 2 2 3 3 4 4 5
priceOS0
 0.07 0.14 0.28 0.56 0.105 0.21 0.42 0.84 1.68 0.175 0.35 0.7 1.4 2.8 0.853 1.705 3.41 6.82 0.077 0.154 0.308 0.616 0.12 0.239 0.478 0.956 1.912 0.195 0.39 0.78 1.56 3.12 0.938 1.876 3.751 7.502 0.077 0.154 0.308 0.616 0.12 0.239 0.478 0.956 1.912 0.195 0.39 0.78 1.56 3.12 0.938 1.876 3.751 7.502 0.083 0.166 0.332 0.665 0.129 0.258 0.516 1.032 2.064 0.21 0.421 0.842 1.684 3.369 1.013 2.026 4.051 8.102 0.098 0.196 0.392 0.784 0.132 0.265 0.529 1.058 2.117 0.21 0.42 0.84 1.68 3.36 1.018 2.035 4.07 8.14 0.101 0.203 0.405 0.81 0.128 0.255 0.511 1.021 2.043 0.21 0.42 0.84 1.68 3.36 1.001 2.001 4.002 8.004 0.098 0.196 0.392 0.784 0.132 0.265 0.529 1.058 2.117 0.21 0.42 0.84 1.68 3.36 1.018 2.035 4.07 8.14 0.122 0.255 0.510 1.521 2.924 0.275 0.550 1.601 3.084 0.237 0.474 1.449 2.780 0.126 0.263 0.526 1.553 2.988 0.285 0.570 1.641 3.164 0.243 0.486 1.473 2.828 0.126 0.263 0.526 1.553 2.988 0.285 0.570 1.641 3.164 0.243 0.486 1.473 2.828 0.02 0.06 0.12 0.24 0.48 0.25 0.5 1.0 0.094 0.188 0.376 0.752 0.238 0.476 0.857 1.542 1.16 2.08 0.02 0.06 0.12 0.24 0.48 0.248 0.496 0.992 0.094 0.188 0.376 0.752 0.238 0.476 0.857 1.542 1.33 2.39 0.02 0.06 0.12 0.24 0.48 0.27 0.54 1.08 0.115 0.23 0.46 0.92 0.273 0.546 0.983 1.769 1.33 2.39 0.02 0.06 0.12 0.24 0.48 0.294 0.588 1.176 0.138 0.276 0.552 1.104 0.295 0.59 1.062 1.912 1.51 2.7 0.02 0.06 0.12 0.24 0.48 0.27 0.54 1.08 0.12 0.24 0.48 0.96 0.256 0.512 0.922 1.659 1.33 2.39 0.024 0.081 0.162 0.324 0.648 0.281 0.562 1.124 0.142 0.284 0.568 1.136 0.295 0.59 1.062 1.912 1.51 2.7 0.021 0.073 0.146 0.292 0.584 0.258 0.516 1.032 0.123 0.246 0.492 0.984 0.256 0.512 0.922 1.659 1.33 2.39 0.029 0.071 0.142 0.284 0.568 0.278 0.556 1.112 0.12 0.239 0.478 0.956 0.256 0.512 0.922 1.66 1.33 2.39
priceOS1
 0.133 0.266 0.532 1.064 0.188 0.376 0.752 1.504 3.008 0.3 0.6 1.08 1.944 3.5 0.973 1.946 3.891 7.782 0.133 0.266 0.532 1.064 0.188 0.376 0.752 1.504 3.008 0.3 0.6 1.08 1.944 3.5 0.973 1.946 3.891 7.782 0.14 0.28 0.56 1.12 0.188 0.376 0.752 1.504 3.008 0.33 0.652 1.173 2.111 3.8 1.058 2.116 4.232 8.464 0.146 0.292 0.584 1.169 0.212 0.424 0.848 1.696 3.392 0.335 0.671 1.222 2.228 4.069 1.133 2.267 4.532 9.064 0.161 0.322 0.644 1.288 0.238 0.477 0.935 1.906 3.813 0.323 0.646 1.192 2.447 4.6 1.169 2.337 4.674 9.348 0.151 0.302 0.603 1.206 0.231 0.462 0.925 1.849 3.699 0.31 0.62 1.219 2.276 4.25 1.113 2.226 4.451 8.903 0.161 0.322 0.644 1.288 0.238 0.477 0.935 1.906 3.813 0.323 0.646 1.192 2.447 4.6 1.169 2.337 4.674 9.348 0.102 0.215 0.430 0.801 1.484 0.235 0.470 0.881 1.644 0.197 0.394 0.729 1.340 0.106 0.223 0.446 0.833 1.548 0.245 0.490 0.921 1.724 0.203 0.406 0.753 1.388 0.106 0.223 0.446 0.833 1.548 0.245 0.490 0.921 1.724 0.203 0.406 0.753 1.388 0.02 0.09 0.18 0.36 0.72 0.33 0.66 1.32 0.171 0.342 0.684 1.368 0.403 0.806 1.451 2.611 1.64 3.04 0.02 0.09 0.18 0.36 0.72 0.3 0.6 1.2 0.159 0.318 0.636 1.272 0.366 0.732 1.318 2.372 1.89 3.5 0.02 0.09 0.18 0.36 0.72 0.34 0.68 1.36 0.183 0.366 0.732 1.464 0.421 0.842 1.516 2.728 1.89 3.5 0.02 0.09 0.18 0.36 0.72 0.36 0.72 1.44 0.224 0.448 0.896 1.792 0.453 0.906 1.631 2.935 2.13 3.95 0.02 0.09 0.18 0.36 0.72 0.32 0.64 1.28 0.195 0.39 0.78 1.56 0.394 0.788 1.418 2.553 1.89 3.5 0.024 0.106 0.212 0.424 0.848 0.35 0.7 1.4 0.211 0.422 0.844 1.688 0.436 0.872 1.57 2.825 2.13 3.95 0.021 0.095 0.19 0.38 0.76 0.31 0.62 1.24 0.183 0.366 0.732 1.464 0.378 0.756 1.361 2.449 1.89 3.5 0.029 0.113 0.226 0.452 0.904 0.349 0.698 1.396 0.196 0.393 0.786 1.571 0.394 0.788 1.419 2.554 1.89 3.5
# - client 2 requirements:
N
1000
Tf
 5 5 2 4 3 3 4 5 5 5 5 3 4 2 4 3 3 3 2 4 5 2 2 5 2 3 3 2 3 5 3 5 5 5 3 4 2 4 2 5 2 2 4 3 4 2 5 3 2 4 4 4 4 3 4 5 5 4 4 3 4 4 3 5 2 2 4 3 2 5 4 4 2 3 3 4 5 2 2 5 4 5 5 4 3 2 3 3 2 2 5 5 5 3 2 4 4 5 2 3 5 3 4 5 4 2 3 2 3 5 5 2 2 3 4 5 2 2 5 4 4 4 3 5 3 4 3 5 2 5 2 4 3 4 5 5 2 3 2 2 5 2 4 3 2 2 5 3 5 3 5 2 5 3 4 5 4 4 2 4 5 5 4 2 5 3 5 4 3 4 2 5 4 2 4 2 2 2 4 5 3 3 2 3 4 5 2 4 5 4 2 4 3 2 4 3 4 4 3 5 3 4 4 5 3 4 4 2 2 2 3 4 4 2 5 3 3 4 5 3 4 5 2 3 5 2 5 5 3 5 5 4 4 4 4 5 4 5 2 5 4 5 5 2 5 5 5 2 4 2 2 5 5 2 5 4 5 3 4 3 4 5 3 5 3 5 2 5 4 4 5 5 4 4 2 2 3 4 3 3 5 2 4 2 3 5 4 2 5 3 5 3 5 2 4 2 4 3 4 3 5 3 2 5 3 3 4 5 3 2 2 4 4 4 4 2 4 2 3 2 3 4 3 4 4 4 4 3 2 4 2 3 2 3 2 3 2 5 2 2 2 3 5 3 4 3 4 2 4 5 5 2 2 4 4 2 3 3 3 4 5 5 4 3 2 5 3 3 2 3 3 4 2 5 4 4 2 3 5 4 3 2 5 4 2 3 4 2 3 2 5 3 2 5 4 2 5 4 4 4 2 4 3 4 5 4 2 3 5 3 3 5 3 3 3 5 4 3 3 3 5 4 4 5 5 2 4 2 5 4 5 3 3 5 5 5 5 5 4 2 3 2 5 4 2 5 4 4 5 5 2 5 4 2 2 2 3 3 5 3 5 2 5 2 4 3 5 5 5 3 5 2 2 3 4 4 3 5 2 5 5 5 5 2 2 2 3 3 2 2 3 2 5 3 3 3 5 5 5 5 5 3 5 4 2 3 3 5 3 4 5 5 2 3 3 2 5 4 4 2 2 2 5 2 3 3 2 5 3 3 5 3 3 2 2 3 2 2 5 4 3 2 2 3 4 2 2 4 5 5 4 5 4 3 3 5 4 2 2 3 4 3 5 3 5 3 4 2 2 3 2 3 2 5 3 4 4 4 5 4 5 4 4 2 3 5 3 5 3 5 4 3 2 4 3 5 5 4 4 3 2 4 2 3 2 4 2 3 2 5 2 4 5 5 3 5 4 3 3 2 2 5 4 3 5 3 3 5 4 2 5 2 2 3 4 5 3 2 5 5 5 2 5 4 2 2 3 2 5 5 3 4 2 4 5 5 5 4 2 2 2 4 3 5 3 4 3 3 3 4 2 2 5 3 3 2 2 3 3 2 2 2 4 3 4 5 5 4 4 5 5 5 2 4 2 3 3 5 4 5 2 3 3 2 3 5 5 4 4 4 4 5 5 3 5 4 2 5 5 3 2 4 3 5 3 4 4 4 3 3 4 3 3 5 2 5 5 3 3 4 5 4 3 2 5 2 4 5 5 4 4 3 4 2 4 5 4 5 5 3 5 4 5 5 5 3 2 5 4 5 4 3 4 3 5 4 4 5 5 4 5 2 5 5 2 4 4 2 3 5 5 3 5 3 5 2 3 4 3 4 4 2 5 4 3 3 2 4 2 2 4 5 3 2 3 4 3 3 5 4 2 5 5 3 3 5 3 4 4 3 5 4 5 4 3 4 4 5 2 5 2 4 2 4 5 3 5 5 5 3 2 2 2 2 3 5 4 2 4 2 2 2 5 5 5 2 4 5 2 2 4 5 2 3 4 4 5 3 4 4 5 4 2 3 2 2 3 2 4 2 5 4 2 3 4 4 5 3 2 3 3 2 3 2 2 3 3 2 2 5 3 2 5 3 5 2 4 3 5 2 2 3 2 4 2 5 2 5 4 4 2 5 4 4 3 2 3 2 5 5 2 2 5 4 5 3 3 3 3 4 5 5 5 5 5 2 2 2 4 5 4 5 5 2 2 5 4 3 3 5 3 3 3 4 2 5 3 3 4 5 4 2 5 3 5 3 5 4 3 2 3 2 2 4 4 5 3 2 3 4
C
 49.30 59.45 62.35 20.30 30.45 10.15 27.55 5.80 2.90 42.05 66.70 98.60 100.05 52.20 62.35 27.55 72.50 72.50 94.25 78.30 66.70 23.20 21.75 20.30 34.80 46.40 14.50 69.60 4.35 98.60 88.45 101.50 94.25 66.70 78.30 37.70 4.35 98.60 29.00 2.90 59.45 52.20 23.20 26.10 69.60 33.35 89.90 59.45 72.50 49.30 39.15 49.30 46.40 69.60 18.85 43.50 60.90 31.90 88.45 24.65 39.15 98.60 94.25 79.75 13.05 39.15 24.65 13.05 37.70 44.95 94.25 71.05 62.35 2.90 55.10 56.55 27.55 13.05 71.05 20.30 10.15 65.25 50.75 33.35 102.95 76.85 87.00 8.70 33.35 88.45 53.65 29.00 94.25 50.75 84.10 85.55 2.90 24.65 72.50 20.30 34.80 65.25 75.40 78.30 84.10 104.40 31.90 63.80 44.95 14.50 104.40 10.15 39.15 27.55 68.15 26.10 49.30 58.00 10.15 30.45 98.60 68.15 56.55 31.90 21.75 46.40 63.80 33.35 7.25 62.35 82.65 79.75 78.30 8.70 63.80 98.60 50.75 55.10 102.95 13.05 79.75 65.25 100.05 88.45 31.90 59.45 23.20 87.00 89.90 52.20 10.15 44.95 33.35 11.60 63.80 71.05 73.95 21.75 60.90 8.70 89.90 47.85 24.65 55.10 43.50 39.15 43.50 17.40 2.90 40.60 27.55 11.60 58.00 33.35 7.25 15.95 24.65 23.20 46.40 81.20 31.90 73.95 78.30 10.15 87.00 10.15 37.70 94.25 98.60 98.60 60.90 8.70 40.60 71.05 49.30 92.80 98.60 18.85 26.10 23.20 56.55 37.70 62.35 68.15 8.70 37.70 79.75 8.70 34.80 59.45 31.90 7.25 100.05 98.60 82.65 13.05 92.80 59.45 18.85 20.30 33.35 76.85 46.40 81.20 5.80 47.85 8.70 15.95 98.60 18.85 46.40 89.90 49.30 15.95 29.00 81.20 58.00 39.15 11.60 88.45 63.80 43.50 79.75 8.70 29.00 73.95 53.65 72.50 89.90 55.10 76.85 76.85 69.60 20.30 53.65 10.15 95.70 37.70 101.50 26.10 94.25 52.20 76.85 76.85 97.15 47.85 40.60 56.55 8.70 78.30 55.10 100.05 11.60 79.75 7.25 23.20 18.85 68.15 49.30 26.10 104.40 102.95 26.10 60.90 36.25 85.55 13.05 49.30 59.45 24.65 97.15 84.10 76.85 49.30 78.30 82.65 49.30 78.30 72.50 68.15 92.80 100.05 75.40 58.00 94.25 76.85 98.60 23.20 21.75 59.45 31.90 26.10 100.05 10.15 97.15 84.10 89.90 81.20 50.75 95.70 11.60 58.00 52.20 37.70 81.20 73.95 10.15 68.15 27.55 75.40 52.20 97.15 69.60 56.55 69.60 46.40 84.10 13.05 33.35 87.00 63.80 11.60 69.60 2.90 31.90 65.25 62.35 42.05 79.75 39.15 43.50 66.70 13.05 100.05 92.80 10.15 84.10 15.95 94.25 73.95 8.70 15.95 53.65 21.75 44.95 20.30 79.75 65.25 27.55 75.40 65.25 11.60 10.15 91.35 89.90 18.85 81.20 82.65 18.85 73.95 102.95 20.30 39.15 55.10 4.35 88.45 63.80 30.45 39.15 23.20 55.10 11.60 52.20 75.40 37.70 36.25 8.70 36.25 102.95 40.60 5.80 52.20 63.80 4.35 53.65 24.65 53.65 44.95 2.90 95.70 82.65 5.80 37.70 42.05 75.40 97.15 42.05 21.75 85.55 30.45 46.40 69.60 10.15 5.80 91.35 85.55 59.45 15.95 49.30 17.40 65.25 40.60 104.40 82.65 55.10 8.70 17.40 50.75 66.70 20.30 79.75 87.00 98.60 76.85 97.15 59.45 102.95 23.20 2.90 31.90 10.15 20.30 14.50 97.15 59.45 65.25 36.25 87.00 29.00 69.60 43.50 23.20 31.90 23.20 53.65 95.70 79.75 72.50 62.35 69.60 65.25 31.90 94.25 73.95 53.65 88.45 36.25 15.95 101.50 44.95 14.50 5.80 53.65 29.00 18.85 21.75 31.90 44.95 40.60 62.35 104.40 21.75 39.15 24.65 13.05 24.65 13.05 95.70 104.40 13.05 102.95 72.50 56.55 31.90 24.65 82.65 56.55 55.10 65.25 62.35 11.60 7.25 13.05 30.45 17.40 49.30 13.05 95.70 92.80 39.15 5.80 81.20 89.90 81.20 69.60 85.55 47.85 62.35 69.60 39.15 68.15 101.50 2.90 75.40 50.75 21.75 4.35 55.10 40.60 34.80 87.00 50.75 69.60 42.05 29.00 17.40 55.10 27.55 31.90 14.50 37.70 71.05 68.15 81.20 15.95 76.85 82.65 49.30 55.10 66.70 33.35 58.00 36.25 79.75 104.40 42.05 71.05 11.60 11.60 76.85 50.75 50.75 13.05 24.65 84.10 39.15 10.15 101.50 15.95 7.25 98.60 49.30 89.90 7.25 31.90 18.85 15.95 63.80 71.05 46.40 68.15 44.95 53.65 37.70 17.40 15.95 60.90 30.45 30.45 71.05 94.25 56.55 94.25 87.00 21.75 17.40 102.95 46.40 81.20 104.40 88.45 72.50 92.80 27.55 62.35 68.15 47.85 4.35 31.90 63.80 23.20 97.15 23.20 46.40 55.10 92.80 14.50 47.85 102.95 15.95 58.00 104.40 46.40 89.90 30.45 21.75 7.25 17.40 62.35 81.20 66.70 42.05 15.95 60.90 58.00 34.80 33.35 18.85 66.70 94.25 50.75 63.80 79.75 76.85 81.20 7.25 42.05 47.85 75.40 68.15 26.10 88.45 17.40 2.90 52.20 26.10 33.35 37.70 92.80 5.80 17.40 100.05 82.65 20.30 63.80 88.45 91.35 62.35 101.50 100.05 13.05 97.15 7.25 84.10 13.05 17.40 66.70 88.45 36.25 7.25 2.90 62.35 53.65 30.45 40.60 17.40 62.35 84.10 30.45 36.25 30.45 44.95 24.65 47.85 68.15 82.65 68.15 79.75 104.40 75.40 66.70 78.30 59.45 5.80 43.50 65.25 76.85 98.60 78.30 27.55 52.20 95.70 85.55 101.50 101.50 8.70 71.05 92.80 46.40 34.80 43.50 66.70 59.45 66.70 78.30 31.90 76.85 63.80 60.90 100.05 89.90 82.65 10.15 72.50 52.20 14.50 84.10 47.85 95.70 98.60 13.05 66.70 10.15 98.60 100.05 21.75 5.80 5.80 7.25 26.10 104.40 52.20 68.15 8.70 50.75 34.80 101.50 50.75 73.95 17.40 98.60 13.05 82.65 42.05 34.80 20.30 97.15 55.10 31.90 13.05 84.10 63.80 85.55 5.80 47.85 87.00 21.75 36.25 76.85 92.80 13.05 37.70 27.55 56.55 65.25 71.05 73.95 56.55 50.75 59.45 65.25 98.60 10.15 84.10 27.55 36.25 62.35 2.90 23.20 10.15 59.45 71.05 78.30 59.45 31.90 68.15 5.80 30.45 63.80 49.30 30.45 75.40 36.25 15.95 7.25 47.85 39.15 10.15 49.30 13.05 66.70 68.15 89.90 82.65 100.05 37.70 39.15 101.50 18.85 72.50 46.40 24.65 11.60 65.25 50.75 91.35 13.05 78.30 65.25 37.70 24.65 7.25 56.55 53.65 21.75 102.95 66.70 30.45 66.70 17.40 37.70 87.00 81.20 33.35 82.65 24.65 88.45 5.80 40.60 15.95 98.60 104.40 2.90 92.80 92.80 42.05 81.20 75.40 94.25 36.25 24.65 15.95 84.10 100.05 14.50 95.70 44.95 102.95 104.40 73.95 94.25 62.35 24.65 50.75 81.20 78.30 26.10 13.05 95.70 23.20 95.70 30.45 52.20 94.25 21.75 23.20 78.30 21.75 26.10 4.35 26.10 29.00 73.95 104.40 33.35 49.30 53.65 66.70 33.35 94.25 50.75 43.50 26.10 17.40 37.70 72.50 46.40 24.65 104.40 8.70 84.10 21.75 15.95 94.25 10.15 52.20 82.65 92.80 68.15 5.80 76.85 47.85 20.30 42.05 42.05 73.95 53.65 79.75 71.05 17.40 79.75 20.30 43.50 40.60 15.95 13.05 7.25 36.25 8.70 91.35 33.35 68.15 101.50 13.05 66.70 21.75 85.55 97.15 88.45 21.75 94.25 29.00 75.40 89.90 23.20 23.20 13.05 59.45 62.35 71.05 11.60 23.20 4.35 100.05 73.95 88.45 24.65 14.50 59.45 55.10 92.80 59.45 42.05 40.60 52.20 27.55 55.10 8.70 85.55 100.05
LO
 4 3 4 5 3 0 4 0 1 0 5 4 0 4 2 2 2 2 5 1 0 5 2 4 3 1 1 4 1 2 5 4 4 2 5 3 4 2 1 2 2 1 3 4 5 2 2 1 4 4 0 5 3 4 3 0 4 0 2 0 2 5 0 4 3 4 2 5 4 5 4 1 5 1 4 4 1 5 2 5 0 5 1 4 4 4 0 4 2 1 3 2 1 2 0 3 4 5 3 3 0 3 4 0 3 4 0 4 0 5 0 5 2 0 5 5 3 2 1 3 5 2 2 4 1 0 3 2 5 3 5 5 1 1 0 5 4 3 0 2 3 5 0 5 3 5 0 1 2 1 1 2 2 0 4 1 5 2 2 5 1 3 0 3 4 4 2 1 4 1 0 4 5 0 5 3 3 4 0 4 3 5 1 0 3 0 1 4 1 2 0 3 4 2 1 5 2 0 5 2 5 2 4 4 2 2 3 3 0 4 4 2 5 2 1 4 1 0 5 1 4 0 1 3 2 4 0 1 1 0 0 3 3 0 1 4 0 1 4 5 0 1 2 5 5 5 4 5 4 3 3 5 5 5 0 2 3 3 1 3 0 5 3 0 1 4 1 1 1 1 5 2 1 3 4 5 5 1 3 4 5 1 5 3 4 2 4 4 3 2 1 3 2 3 3 5 3 4 2 2 2 2 1 4 3 5 3 5 5 2 4 4 3 4 1 3 2 5 1 0 3 5 3 3 4 4 1 1 5 2 3 5 0 4 0 3 1 0 5 4 0 1 2 2 2 3 4 0 3 2 1 0 3 0 2 2 1 5 3 4 3 1 4 3 3 0 1 0 5 2 0 0 2 3 4 5 4 4 2 4 3 2 3 3 1 5 5 2 1 5 4 2 1 2 3 0 3 1 1 4 5 3 2 2 4 2 0 3 0 2 3 0 4 2 1 2 5 0 5 2 5 4 5 0 3 5 2 4 1 1 3 3 4 0 4 1 5 0 1 1 1 5 4 0 4 0 0 0 5 5 1 4 5 1 2 1 0 0 2 5 5 0 4 0 3 2 2 3 5 0 4 4 1 1 1 5 2 1 4 4 4 4 3 0 1 4 0 5 2 4 3 1 2 1 0 5 4 0 2 5 5 1 3 5 3 5 0 3 2 0 5 3 0 5 3 3 5 5 0 2 5 4 5 1 5 5 4 2 4 1 3 5 2 3 5 2 1 4 2 2 1 5 4 2 3 2 2 1 3 0 2 3 3 3 1 5 0 3 0 2 5 4 5 5 1 4 3 2 2 2 5 4 4 1 0 1 3 3 5 4 0 5 5 0 2 2 3 2 0 3 5 0 3 5 3 1 1 3 2 3 0 1 3 1 2 4 1 1 4 0 0 0 4 0 2 5 5 2 1 1 4 1 0 5 1 0 5 0 5 5 4 2 0 2 5 5 2 4 2 4 3 2 0 2 4 1 4 1 4 5 2 4 3 2 1 4 3 3 3 2 0 5 4 4 1 1 3 2 0 5 0 5 2 1 4 3 5 0 3 2 3 5 4 2 0 3 5 0 2 4 5 4 4 5 1 4 1 5 1 4 5 3 5 0 4 3 1 5 4 3 0 3 2 5 5 3 0 4 5 0 1 1 1 0 4 5 5 1 2 0 3 0 2 2 4 4 4 5 3 2 1 5 2 4 1 0 4 5 0 2 4 3 5 2 4 4 1 2 5 2 3 4 2 4 4 1 4 3 5 4 2 4 5 4 5 2 3 3 3 4 2 5 0 4 5 2 4 3 2 5 4 0 2 4 4 3 0 5 0 5 0 0 0 3 2 1 2 5 2 1 4 4 1 5 2 0 5 5 0 1 2 3 0 3 3 5 3 1 4 4 3 1 1 3 4 4 4 5 2 4 5 5 5 2 2 0 1 4 4 1 0 3 5 4 0 4 2 1 4 2 3 4 5 1 5 1 2 4 1 4 0 2 5 1 3 2 1 0 5 0 0 1 0 5 2 2 1 5 5 4 1 5 5 5 4 3 2 3 0 5 2 0 2 4 1 5 5 1 3 5 3 1 1 0 1 5 4 3 3 1 2 3 0 4 0 5 3 2 4 2 5 2 3 4 0 5 3 0 2 0 4 4 2 3 5 0 1 1 3 0 3 4 1 4 4 1 0 2 5 1 0 0 3 3 0 3 1 2 4 3 0 1 0 0 0 5 5 1 2 4 0 5 4 3 5 1 3 2 5 3 5 5 0 5 4 3 4 3 0 2
D
 436 663 459 246 988 224 608 418 681 975 628 847 683 719 579 229 710 139 555 226 364 764 702 838 747 929 775 170 231 636 616 244 384 127 516 136 862 1000 639 916 144 825 326 942 762 825 212 808 964 942 231 638 451 379 887 533 717 812 705 316 244 725 661 734 271 915 272 850 207 680 990 749 482 198 496 501 845 231 453 512 272 772 360 780 312 481 934 498 847 302 823 830 260 731 508 564 890 161 810 533 327 967 965 576 617 433 311 544 478 397 768 340 252 178 601 576 371 724 285 399 708 324 788 559 563 110 782 248 254 233 399 874 887 403 337 464 361 704 540 203 464 463 933 295 359 954 624 183 656 499 225 550 756 301 154 937 431 183 150 451 406 261 225 544 905 887 763 263 380 841 821 984 557 821 838 539 173 368 279 536 223 680 182 316 426 196 242 102 871 942 122 683 563 171 732 646 413 665 159 450 138 396 326 538 556 314 593 824 738 735 100 423 431 403 915 684 931 984 244 891 919 653 162 573 303 720 519 564 155 539 461 668 708 196 989 430 451 255 200 586 828 732 977 971 345 945 526 222 811 635 249 955 139 341 288 502 227 107 606 483 771 786 513 853 146 735 315 397 998 295 770 881 100 845 282 685 554 393 108 360 376 240 339 949 716 855 868 297 327 109 437 594 314 188 268 646 652 979 262 343 345 210 439 111 441 181 643 869 597 243 687 118 389 528 234 863 411 596 875 289 645 679 153 658 269 459 314 486 504 298 343 471 950 721 310 899 727 516 167 731 285 413 478 448 979 719 155 309 724 573 303 734 243 158 619 156 861 475 400 424 145 206 726 493 897 351 524 518 865 480 742 452 977 108 282 443 145 382 455 740 820 478 686 592 845 473 972 616 410 734 813 272 571 233 411 864 884 929 387 309 430 597 149 839 791 669 484 467 932 648 601 556 663 911 195 991 413 841 279 719 183 896 310 800 868 199 603 995 709 680 343 148 323 264 184 751 305 168 157 137 766 586 577 216 418 520 352 510 682 940 588 759 633 647 237 554 937 234 711 385 620 194 161 467 500 179 673 396 109 750 693 217 278 757 446 554 943 786 390 296 134 724 896 814 774 872 113 644 372 284 499 331 277 819 499 447 113 604 200 311 707 242 763 290 298 436 174 879 574 936 870 949 317 378 905 459 661 309 258 935 452 373 858 776 167 551 979 186 345 889 131 521 602 731 581 931 917 502 673 195 781 778 310 876 930 794 493 580 689 656 114 296 742 653 190 101 354 101 129 812 648 519 652 456 608 754 763 737 708 304 581 918 924 902 194 507 718 354 587 141 962 832 922 293 635 695 849 585 440 173 841 164 967 531 409 561 349 613 956 294 154 779 245 975 678 847 885 766 975 580 335 454 527 592 146 890 908 380 980 913 495 170 295 855 663 147 727 188 415 287 820 683 126 664 591 148 859 981 195 226 421 301 492 199 589 806 813 524 902 640 910 311 499 437 404 646 764 980 289 725 265 229 780 814 320 460 736 457 527 550 913 593 490 186 703 634 624 201 565 209 825 374 369 566 733 240 616 661 454 456 347 261 308 523 666 106 606 965 130 996 873 896 544 994 532 923 575 674 637 138 112 548 570 431 619 465 984 480 746 403 227 616 106 967 616 778 469 619 504 292 619 344 294 977 502 282 672 923 691 963 793 466 728 140 380 486 724 125 417 316 858 349 180 718 548 191 840 798 832 696 385 144 450 290 755 154 262 467 609 288 798 181 297 431 742 361 686 527 264 717 752 356 371 723 149 724 829 924 333 509 830 646 773 653 191 637 231 474 119 738 379 422 591 987 543 221 573 441 851 988 349 298 790 351 849 322 713 612 709 514 996 326 891 621 714 907 885 142 339 325 625 700 947 857 143 673 300 112 423 132 626 577 284 959 883 426 168 500 605 325 635 602 112 193 936 231 514 635 649 818 350 467 425 855 764 782 182 751 910 210 875 454 845 849 345 932 521 760 293 830 129 699 110 693 616 270 893 902 851 956 263 367 995 866 690 555 857 752 831 666 473 219 922 354 232 370 212 453 154 278 724 201 365 177 882 315 255 585 391 685 557 905 635 594 638 285 439 700 774 685 200 542 771 997 664 710 441 725 196 965 383 385 171 429 267 338 286 783 861 848 218 477 973 241 251 941 667 490 221 625 671 187 119 331 481 431 901 363 314 929 513 994 531 534 977 565 974 607 278 175 153 694 811 311 899 393 705 795 835 589 359 326 260 833 653 806 201 719 156 123
OS
 0 1 0 0 1 1 1 0 1 0 0 1 1 0 0 0 0 0 1 0 1 1 0 0 1 1 0 1 0 1 0 0 1 0 0 0 1 1 1 1 0 1 0 1 0 0 1 1 1 0 0 1 0 0 0 1 0 0 1 0 0 1 0 0 1 1 1 1 0 0 1 1 0 1 0 0 1 0 1 1 1 1 1 1 0 0 0 1 0 0 1 0 1 1 0 1 1 1 0 0 1 0 0 0 1 0 0 0 1 1 1 1 0 0 0 0 0 0 1 0 0 1 0 0 1 0 0 1 1 1 0 0 0 0 0 0 1 1 1 0 1 0 1 1 0 1 0 1 0 0 0 0 0 1 0 0 0 1 0 1 1 1 0 0 0 1 1 0 0 1 1 0 0 0 1 0 0 0 1 0 0 0 1 1 1 0 1 1 1 1 1 1 1 0 0 1 1 0 1 1 1 1 1 0 0 0 0 1 1 1 1 0 0 1 0 0 1 1 1 0 0 1 0 0 0 0 1 0 0 0 0 1 0 1 1 0 0 0 0 1 0 0 1 1 1 1 0 1 0 0 0 0 1 1 1 1 0 1 1 1 1 1 0 0 1 0 0 1 1 1 0 1 0 0 0 0 1 0 1 0 1 1 1 0 1 0 1 1 0 1 0 1 1 1 0 1 1 0 1 1 0 0 1 1 0 0 1 1 0 1 0 1 1 0 1 1 1 1 0 0 0 1 1 0 0 0 1 0 0 1 1 0 0 1 0 0 1 0 0 0 0 0 1 0 0 0 0 1 1 0 1 1 1 1 1 1 0 1 1 1 0 1 0 1 0 1 0 1 1 0 0 1 0 0 0 1 1 1 0 1 1 1 1 0 0 0 0 0 0 1 1 0 1 1 1 0 0 0 0 0 0 0 1 1 1 1 0 1 1 0 1 1 1 0 0 1 0 0 1 1 0 0 1 0 1 1 0 1 0 0 1 1 0 1 0 1 1 1 1 0 0 0 1 1 0 0 1 0 1 1 0 1 1 0 1 1 0 1 0 0 0 0 0 1 0 0 0 1 0 0 0 1 0 1 1 1 0 0 0 1 1 0 0 0 0 0 0 1 0 1 0 0 0 1 1 0 0 0 1 1 1 1 0 1 1 0 0 1 1 1 1 1 0 0 1 1 1 0 0 0 1 1 0 1 0 1 1 1 1 0 0 0 1 1 1 0 1 1 0 1 0 0 1 1 0 0 1 0 0 1 0 1 0 1 1 1 0 0 0 1 0 1 1 0 1 1 0 1 0 0 0 1 0 1 1 0 0 0 1 0 1 0 0 0 1 0 1 0 0 0 0 0 0 0 0 1 1 0 0 1 1 1 1 0 0 1 0 0 1 0 0 0 1 0 0 1 1 1 1 1 0 0 0 1 1 0 0 1 0 1 1 0 0 0 0 1 1 0 0 0 0 1 1 0 0 0 0 1 1 0 1 1 1 1 1 1 0 0 0 1 1 0 1 1 0 1 1 0 0 1 1 0 0 0 1 0 0 0 1 0 0 0 0 0 1 0 0 1 1 1 0 0 0 1 1 1 0 1 0 0 0 1 0 1 1 1 0 0 1 1 1 1 0 0 1 0 0 1 1 1 1 0 0 0 0 1 1 0 1 0 1 1 1 0 0 0 0 1 0 0 1 0 0 1 1 1 1 1 1 1 0 0 1 1 0 1 1 1 1 1 1 1 0 1 0 0 0 0 0 0 0 0 0 1 1 1 1 0 0 1 1 1 0 0 0 1 0 0 1 0 0 1 0 1 0 0 0 1 1 1 0 0 0 0 0 0 0 0 0 0 1 1 0 0 1 0 0 0 1 1 0 0 1 1 0 0 0 0 0 1 0 1 0 1 1 0 0 0 1 1 1 0 0 1 0 1 0 1 0 0 1 1 0 1 1 0 0 1 1 0 1 1 1 0 0 1 1 0 0 1 0 1 1 0 1 0 1 0 1 1 1 1 0 0 1 1 1 0 1 0 0 1 1 0 1 0 0 0 1 0 0 0 0 0 0 0 1 1 0 0 0 0 0 0 0 1 1 1 0 1 1 1 1 0 1 0 1 0 0 0 0 0 0 0 0 1 0 0 0 1 0 0 1 1 0 0 1 0 1 1 1 1 1 0 1 0 0 0 0 0 0 0 0 1 0 0 0 0 1 0 1 1 1 0 0 0 1 0 1 0 1 0 0 1 1 1 1 1 1 1 1 0 1 1 1 1 1 1 1 1
F
 20270880 24282720 25583040 7872480 12569760 4183200 11057760 2126880 645120 17398080 27699840 40521600 41398560 21540960 25956000 11319840 29715840 29746080 38838240 32145120 27336960 9092160 8799840 8316000 14152320 18839520 5866560 28627200 1713600 41005440 36792000 41821920 38747520 27377280 32346720 15634080 1804320 41065920 11854080 816480 24403680 21611520 9192960 10422720 28445760 13507200 37074240 24534720 30219840 20210400 16148160 20149920 19222560 28586880 7721280 17599680 24816960 13285440 36701280 9838080 15734880 40783680 38757600 32739840 5382720 16107840 9737280 5100480 15492960 18738720 38808000 29584800 25482240 927360 22891680 22992480 11471040 5221440 29363040 7882560 3931200 26943840 20573280 13809600 42900480 31510080 35794080 3346560 13497120 36650880 21974400 11823840 39241440 20623680 34675200 35481600 695520 9828000 30018240 7892640 13980960 27185760 31147200 32508000 34685280 43464960 12972960 26197920 18174240 5705280 43525440 4072320 16128000 11219040 27941760 10715040 20472480 24060960 3810240 12267360 40904640 28254240 23113440 12710880 9041760 19031040 26066880 13497120 2681280 25492320 34140960 33223680 32376960 3034080 26439840 40924800 21157920 22438080 42880320 5251680 32820480 26953920 41368320 36741600 13104000 24595200 9142560 36136800 37336320 21520800 4132800 18527040 13597920 4677120 26318880 29524320 30794400 8981280 25179840 3356640 37346400 19494720 10019520 22952160 17589600 16128000 17730720 6884640 604800 16531200 11450880 4777920 23657760 13527360 2489760 6481440 10039680 9465120 19283040 33798240 12983040 30733920 32266080 4112640 35824320 3669120 15351840 38717280 40914720 41045760 25280640 3477600 16571520 29201760 20008800 38475360 41106240 7741440 10624320 9293760 23184000 15281280 25945920 28022400 3346560 15422400 32870880 3124800 14011200 24433920 12841920 2540160 41237280 40572000 34362720 4939200 38243520 24766560 7590240 8215200 13456800 31832640 18748800 33556320 1854720 19565280 3034080 6541920 40773600 7318080 18990720 37164960 20361600 6229440 11733120 33485760 23738400 15996960 4505760 36872640 26409600 17851680 32659200 3134880 11531520 30350880 22236480 29756160 37336320 22972320 31510080 31893120 28758240 8275680 22125600 4052160 39856320 15281280 41942880 10856160 39120480 21178080 31691520 31570560 40370400 19484640 16803360 23355360 3134880 32155200 22911840 41338080 4586400 32659200 3003840 9636480 7459200 28395360 20008800 10372320 43444800 42860160 10513440 24827040 14706720 35390880 5241600 20432160 24675840 9948960 40158720 34856640 32034240 20170080 32074560 34130880 20311200 32356800 29685600 27992160 38374560 41418720 31308480 24071040 38707200 31862880 40975200 9576000 8850240 24474240 12781440 10463040 41227200 3628800 40209120 35017920 37084320 33707520 21087360 39906720 4233600 24101280 21238560 15200640 33747840 30421440 3981600 28123200 10916640 31298400 21208320 39977280 28476000 23486400 28748160 18799200 35007840 5281920 13517280 36156960 26046720 4314240 28980000 947520 12983040 26681760 25603200 17377920 32820480 15855840 17881920 27578880 5050080 41640480 38414880 4021920 35017920 6642720 39049920 30471840 3306240 6572160 21964320 9031680 18234720 8215200 33213600 26621280 10886400 31419360 26732160 4233600 3951360 37830240 37416960 7449120 33657120 33899040 7469280 30502080 42487200 8094240 15876000 22811040 1209600 36691200 26177760 12408480 16269120 9313920 22861440 4475520 21238560 30885120 15412320 14535360 3286080 14868000 42547680 16672320 1844640 21500640 26439840 1431360 22296960 10039680 21803040 18516960 1139040 39866400 33868800 1975680 15190560 17085600 31237920 40370400 17065440 8487360 35602560 12579840 18970560 28576800 4052160 2348640 37870560 35521920 24312960 6088320 20160000 7076160 26984160 16410240 43011360 33888960 22508640 3528000 7247520 21026880 27578880 8275680 33163200 35824320 40622400 32024160 40138560 24393600 42850080 9082080 957600 12972960 4092480 8033760 5765760 40078080 24595200 27064800 14958720 36076320 12015360 28667520 17942400 9283680 13083840 9233280 21782880 39715200 32880960 30209760 25895520 28657440 27044640 12811680 38908800 30320640 21903840 36882720 14807520 6642720 42084000 18547200 5947200 2388960 22266720 11531520 7751520 9011520 12731040 18375840 16601760 25976160 43485120 8789760 15815520 10130400 4989600 9928800 4848480 39392640 42971040 5382720 42739200 30058560 23153760 13154400 10221120 34443360 23234400 22619520 27004320 25603200 4314240 2782080 4888800 12398400 7015680 20018880 4868640 39372480 38394720 15926400 1834560 33667200 37044000 33737760 28768320 35078400 19615680 25441920 28667520 15976800 28375200 42225120 675360 30925440 20764800 8719200 1370880 22659840 16783200 14232960 36217440 20704320 28617120 16994880 11823840 7146720 22397760 11471040 13104000 6037920 15170400 29544480 28344960 33657120 6199200 31852800 34080480 20049120 22478400 27276480 13779360 24071040 14787360 32991840 43354080 16984800 29534400 4354560 4646880 31973760 20996640 20916000 4858560 10251360 34584480 16077600 3951360 42154560 6098400 2671200 40783680 20059200 37175040 2882880 13174560 7731360 6330240 26278560 29302560 19071360 28234080 18496800 21853440 15553440 6894720 6420960 25028640 12519360 12479040 29282400 39140640 23355360 39110400 36076320 8930880 6935040 42628320 19293120 33616800 43122240 36630720 29786400 38304000 11239200 25885440 27982080 19373760 1542240 12912480 26318880 9092160 40410720 9555840 19272960 22720320 38142720 5836320 19414080 42537600 6622560 23909760 43112160 19071360 36973440 12378240 8729280 2933280 6955200 25472160 33647040 27669600 17206560 6058080 24907680 23909760 14384160 13456800 7257600 27750240 39211200 20885760 26137440 32870880 31520160 33405120 2792160 17418240 19454400 30895200 28395360 10412640 36872640 7106400 1038240 21228480 10503360 13325760 15200640 38172960 1814400 6693120 41650560 34453440 8326080 26449920 36580320 37497600 25653600 42073920 41136480 5110560 40340160 2983680 34614720 5029920 7237440 27488160 36882720 14928480 2661120 876960 25885440 22357440 12620160 16541280 6743520 25734240 34937280 12206880 14857920 12630240 18658080 9908640 19545120 27840960 34463520 27851040 32991840 43021440 30895200 27387360 32124960 24373440 1975680 18023040 26671680 31852800 40904640 32548320 11390400 21228480 39513600 35159040 41983200 42285600 3386880 29524320 38172960 19222560 14263200 17952480 27256320 24232320 27709920 32447520 12932640 31610880 26510400 25048800 41297760 36973440 34332480 4193280 30018240 21369600 5564160 34594560 19464480 39543840 41015520 5292000 27447840 3850560 40713120 41307840 8860320 2358720 2147040 2772000 10755360 43102080 21722400 28274400 3215520 20694240 14101920 42295680 21026880 30340800 6904800 40733280 4848480 34463520 17025120 14343840 8346240 40148640 22790880 13144320 5251680 34503840 26580960 35219520 2116800 19555200 36237600 8850240 14958720 31731840 38142720 4929120 15603840 11430720 23466240 26802720 29191680 30733920 23113440 20573280 24262560 26631360 41076000 3840480 35038080 11350080 14646240 25482240 917280 9344160 4011840 24494400 29463840 32467680 24766560 12952800 28002240 1895040 12227040 26258400 20008800 12277440 30945600 14545440 6572160 2580480 19887840 15996960 3890880 20018880 5130720 27347040 28193760 37104480 34171200 41438880 15563520 16117920 42023520 7509600 30209760 18910080 9898560 4334400 26943840 20714400 37709280 5302080 32568480 26772480 15482880 9868320 2651040 23325120 22004640 8749440 42497280 27679680 12660480 27599040 7187040 15220800 36086400 33334560 13416480 33959520 9747360 36882720 1935360 16843680 6632640 40561920 43112160 624960 38475360 38445120 17458560 33455520 31399200 38878560 15069600 9686880 6390720 34665120 41529600 5584320 39795840 18144000 42406560 43283520 30431520 39180960 25865280 9747360 20583360 33425280 32155200 10442880 4949280 39755520 9364320 39624480 12448800 21621600 38999520 8850240 9455040 32538240 8608320 10452960 1693440 10291680 12005280 30250080 43505280 13809600 20512800 22044960 27760320 13819680 38838240 20976480 17609760 10382400 6955200 15130080 29867040 19121760 10140480 43424640 3296160 35068320 8608320 6229440 38878560 4001760 21591360 33909120 38203200 28244160 1824480 31993920 19353600 8215200 16984800 17297280 30683520 22145760 32729760 29322720 7116480 33243840 8174880 17609760 16803360 6380640 4989600 2479680 14585760 3094560 38072160 13638240 28203840 41902560 5231520 27246240 8547840 35390880 40229280 36288000 8678880 38959200 11934720 30875040 37396800 9334080 9424800 4929120 24716160 25572960 29393280 4707360 9535680 1643040 41459040 30693600 36328320 10019520 5705280 24776640 22871520 38606400 24706080 17277120 16450560 21732480 11309760 22659840 3185280 35330400 41499360
M
 4 4 4 2 2 3 1 2 3 1 1 3 4 2 4 1 1 2 3 4 2 1 4 4 2 1 2 4 2 2 4 4 3 3 3 4 1 1 1 3 2 2 2 4 4 4 1 4 3 2 3 4 4 1 1 2 4 4 1 1 1 4 4 2 3 4 2 2 2 2 1 4 3 4 2 2 1 4 1 4 2 2 2 2 4 2 2 1 3 4 4 1 4 1 2 3 2 3 1 2 3 1 3 1 2 1 2 2 4 4 1 2 1 2 2 4 2 1 2 2 1 3 3 2 2 4 3 2 1 4 3 3 2 2 1 3 2 2 3 1 2 4 2 2 1 3 2 1 1 4 4 3 3 2 2 4 2 3 3 2 1 3 2 4 3 4 3 1 3 3 1 2 4 4 1 4 2 4 4 3 3 1 1 2 2 2 4 1 4 4 3 2 3 4 2 2 1 3 3 2 2 1 3 2 4 4 3 2 2 2 3 2 2 1 3 1 4 4 2 3 3 3 1 2 4 4 4 1 4 2 1 2 3 3 3 3 4 2 3 1 1 1 4 2 4 1 1 4 1 4 1 3 2 3 4 4 4 1 1 4 4 1 1 3 4 3 2 3 2 2 2 2 4 4 1 2 2 4 3 2 2 2 2 4 1 2 2 4 3 3 2 2 3 4 4 1 3 2 4 4 4 3 1 1 1 2 4 2 1 1 3 3 2 3 4 1 4 1 4 2 1 3 2 2 3 1 3 1 1 3 3 2 3 1 4 1 1 1 1 3 1 3 4 4 2 3 3 1 4 1 2 2 4 2 3 4 2 1 2 4 4 2 1 1 2 2 2 2 4 1 1 2 1 2 4 3 2 2 2 1 4 2 1 4 3 2 2 2 3 4 4 2 3 4 3 3 3 3 4 1 4 4 1 2 4 2 4 2 1 3 1 4 2 1 3 3 3 4 2 1 1 3 1 2 4 2 3 4 3 2 3 4 4 3 1 1 4 2 4 2 2 3 2 3 3 3 2 1 3 1 3 3 2 2 2 3 2 3 1 2 3 1 2 4 3 3 3 3 4 4 4 3 3 4 1 2 2 2 2 3 1 3 1 3 4 4 1 3 1 1 3 2 1 2 3 4 3 2 4 3 3 3 3 1 2 4 1 3 3 3 1 3 3 3 4 2 1 1 2 1 1 4 2 2 1 3 3 2 3 3 4 3 3 4 2 2 4 3 3 3 2 1 1 2 3 4 2 4 1 1 3 4 4 3 4 1 1 1 3 2 1 4 3 2 1 4 3 3 4 4 1 1 4 4 2 4 1 2 3 4 1 3 4 3 4 3 1 1 2 1 3 3 3 2 4 4 1 4 4 2 1 4 1 4 3 1 3 1 1 3 2 1 3 4 2 2 4 1 4 1 2 3 1 4 4 2 4 1 4 2 1 4 1 1 3 3 3 3 3 3 1 3 1 1 2 2 3 2 3 4 3 1 2 2 1 2 1 4 1 1 3 1 1 1 4 3 2 3 2 1 2 2 4 4 4 3 2 1 2 3 3 2 3 4 4 2 1 1 4 3 4 2 1 4 4 1 2 4 4 2 4 2 4 1 1 4 2 3 3 2 3 2 3 4 3 4 2 3 3 4 1 4 2 4 1 2 3 2 3 2 3 1 1 4 1 3 2 3 3 2 1 1 1 1 3 4 1 4 2 2 4 2 4 2 3 1 1 4 3 4 2 4 4 4 1 1 4 2 3 1 1 3 1 1 2 3 3 2 1 1 2 1 3 2 2 2 4 1 3 2 2 4 4 3 4 4 1 4 3 4 3 1 1 1 3 3 1 3 4 4 4 2 1 1 3 4 3 4 3 3 4 3 1 1 2 4 3 1 4 2 4 3 4 1 3 4 4 3 4 3 4 3 4 3 3 1 4 4 1 3 2 3 2 3 4 3 1 2 2 4 2 1 3 4 1 1 4 3 4 1 2 2 4 2 1 4 2 4 2 1 2 2 3 3 2 1 1 2 2 3 1 2 2 2 2 1 3 3 3 3 1 3 4 1 3 2 1 2 4 2 3 3 3 3 2 3 4 2 3 4 1 4 1 3 3 4 3 3 3 3 1 2 3 4 4 3 4 1 3 4 1 1 1 1 3 2 2 1 3 2 2 2 2 2 4 4 4 1 3 3 2 4 3 1 3 1 3 2 2 3 3 1 3 3 1 1 4 3 1 2 4 2 1 4 3 3 2 1 4 1 3 3 3 4 2 2 1 2 1 4
