## - cloud resource specifications
numberOfClouds 
 3
packagename
 m3.medium m3.large m3.xlarge m3.2xlarge c3.large c3.xlarge c3.2xlarge c3.4xlarge c3.8xlarge r3.large r3.xlarge r3.2xlarge r3.4xlarge r3.8xlarge i2.xlarge i2.2xlarge i2.4xlarge i2.8xlarge n1-standard-1 n1-standard-2 n1-standard-4 n1-standard-8 n1-standard-16 n1-highcpu-2 n1-highcpu-4 n1-highcpu-8 n1-highcpu-16 n1-highmem-2 n1-highmem-4 n1-highmem-8 n1-highmem-16 A0 A1 A2 A3 A4 A5 A6 A7 D1 D2 D3 D4 D11 D12 D13 D14 A10 A11
package
 18 13 18
Gflops
 190 380 760 1520 426 852 1704 3408 6816 380 760 1520 3040 6080 760 1520 3040 6080 159 317 634 1268 2536 317 634 1268 2536 317 634 1268 2536 168 168 335 670 1340 670 1340 2680 335 670 1340 2680 670 1340 2680 5360 3040 6080
ram
 3.75 7.5 15 30 3.75 7.5 15 30 60 15.25 30.5 61 122 244 30.5 61 122 244 3.75 7.5 15 30 60 1.8 3.6 7.2 14.4 13 26 52 104 0.75 1.75 3.5 7.0 14.0 14.0 28.0 56.0 3.5 7.0 14.0 28.0 14.0 28.0 56.0 112.0 56.0 112.0
disk
 4.0 32.0 80.0 160.0 32.0 80.0 160.0 320.0 640.0 32.0 80.0 160.0 320.0 640.0 800.0 1600.0 3200.0 6400.0 100.0 250.0 500.0 750.0 1000.0 250.0 500.0 750.0 1000.0 250.0 500.0 750.0 1000.0 20.0 70.0 135.0 285.0 605.0 135.0 285.0 605.0 50.0 100.0 200.0 400.0 100.0 200.0 400.0 800.0 382.0 382.0
locationProvider
 7 3 8
locationID
 1 1 2 2 3 4 5 1 2 3 1 2 2 3 3 4 4 5
priceOS0
 0.07 0.14 0.28 0.56 0.105 0.21 0.42 0.84 1.68 0.175 0.35 0.7 1.4 2.8 0.853 1.705 3.41 6.82 0.077 0.154 0.308 0.616 0.12 0.239 0.478 0.956 1.912 0.195 0.39 0.78 1.56 3.12 0.938 1.876 3.751 7.502 0.077 0.154 0.308 0.616 0.12 0.239 0.478 0.956 1.912 0.195 0.39 0.78 1.56 3.12 0.938 1.876 3.751 7.502 0.083 0.166 0.332 0.665 0.129 0.258 0.516 1.032 2.064 0.21 0.421 0.842 1.684 3.369 1.013 2.026 4.051 8.102 0.098 0.196 0.392 0.784 0.132 0.265 0.529 1.058 2.117 0.21 0.42 0.84 1.68 3.36 1.018 2.035 4.07 8.14 0.101 0.203 0.405 0.81 0.128 0.255 0.511 1.021 2.043 0.21 0.42 0.84 1.68 3.36 1.001 2.001 4.002 8.004 0.098 0.196 0.392 0.784 0.132 0.265 0.529 1.058 2.117 0.21 0.42 0.84 1.68 3.36 1.018 2.035 4.07 8.14 0.122 0.255 0.510 1.521 2.924 0.275 0.550 1.601 3.084 0.237 0.474 1.449 2.780 0.126 0.263 0.526 1.553 2.988 0.285 0.570 1.641 3.164 0.243 0.486 1.473 2.828 0.126 0.263 0.526 1.553 2.988 0.285 0.570 1.641 3.164 0.243 0.486 1.473 2.828 0.02 0.06 0.12 0.24 0.48 0.25 0.5 1.0 0.094 0.188 0.376 0.752 0.238 0.476 0.857 1.542 1.16 2.08 0.02 0.06 0.12 0.24 0.48 0.248 0.496 0.992 0.094 0.188 0.376 0.752 0.238 0.476 0.857 1.542 1.33 2.39 0.02 0.06 0.12 0.24 0.48 0.27 0.54 1.08 0.115 0.23 0.46 0.92 0.273 0.546 0.983 1.769 1.33 2.39 0.02 0.06 0.12 0.24 0.48 0.294 0.588 1.176 0.138 0.276 0.552 1.104 0.295 0.59 1.062 1.912 1.51 2.7 0.02 0.06 0.12 0.24 0.48 0.27 0.54 1.08 0.12 0.24 0.48 0.96 0.256 0.512 0.922 1.659 1.33 2.39 0.024 0.081 0.162 0.324 0.648 0.281 0.562 1.124 0.142 0.284 0.568 1.136 0.295 0.59 1.062 1.912 1.51 2.7 0.021 0.073 0.146 0.292 0.584 0.258 0.516 1.032 0.123 0.246 0.492 0.984 0.256 0.512 0.922 1.659 1.33 2.39 0.029 0.071 0.142 0.284 0.568 0.278 0.556 1.112 0.12 0.239 0.478 0.956 0.256 0.512 0.922 1.66 1.33 2.39
priceOS1
 0.133 0.266 0.532 1.064 0.188 0.376 0.752 1.504 3.008 0.3 0.6 1.08 1.944 3.5 0.973 1.946 3.891 7.782 0.133 0.266 0.532 1.064 0.188 0.376 0.752 1.504 3.008 0.3 0.6 1.08 1.944 3.5 0.973 1.946 3.891 7.782 0.14 0.28 0.56 1.12 0.188 0.376 0.752 1.504 3.008 0.33 0.652 1.173 2.111 3.8 1.058 2.116 4.232 8.464 0.146 0.292 0.584 1.169 0.212 0.424 0.848 1.696 3.392 0.335 0.671 1.222 2.228 4.069 1.133 2.267 4.532 9.064 0.161 0.322 0.644 1.288 0.238 0.477 0.935 1.906 3.813 0.323 0.646 1.192 2.447 4.6 1.169 2.337 4.674 9.348 0.151 0.302 0.603 1.206 0.231 0.462 0.925 1.849 3.699 0.31 0.62 1.219 2.276 4.25 1.113 2.226 4.451 8.903 0.161 0.322 0.644 1.288 0.238 0.477 0.935 1.906 3.813 0.323 0.646 1.192 2.447 4.6 1.169 2.337 4.674 9.348 0.102 0.215 0.430 0.801 1.484 0.235 0.470 0.881 1.644 0.197 0.394 0.729 1.340 0.106 0.223 0.446 0.833 1.548 0.245 0.490 0.921 1.724 0.203 0.406 0.753 1.388 0.106 0.223 0.446 0.833 1.548 0.245 0.490 0.921 1.724 0.203 0.406 0.753 1.388 0.02 0.09 0.18 0.36 0.72 0.33 0.66 1.32 0.171 0.342 0.684 1.368 0.403 0.806 1.451 2.611 1.64 3.04 0.02 0.09 0.18 0.36 0.72 0.3 0.6 1.2 0.159 0.318 0.636 1.272 0.366 0.732 1.318 2.372 1.89 3.5 0.02 0.09 0.18 0.36 0.72 0.34 0.68 1.36 0.183 0.366 0.732 1.464 0.421 0.842 1.516 2.728 1.89 3.5 0.02 0.09 0.18 0.36 0.72 0.36 0.72 1.44 0.224 0.448 0.896 1.792 0.453 0.906 1.631 2.935 2.13 3.95 0.02 0.09 0.18 0.36 0.72 0.32 0.64 1.28 0.195 0.39 0.78 1.56 0.394 0.788 1.418 2.553 1.89 3.5 0.024 0.106 0.212 0.424 0.848 0.35 0.7 1.4 0.211 0.422 0.844 1.688 0.436 0.872 1.57 2.825 2.13 3.95 0.021 0.095 0.19 0.38 0.76 0.31 0.62 1.24 0.183 0.366 0.732 1.464 0.378 0.756 1.361 2.449 1.89 3.5 0.029 0.113 0.226 0.452 0.904 0.349 0.698 1.396 0.196 0.393 0.786 1.571 0.394 0.788 1.419 2.554 1.89 3.5
# - client 2 requirements:
N
1000
Tf
 5 5 4 5 5 2 2 2 4 3 5 4 4 3 3 2 3 3 5 4 5 2 4 4 3 3 4 4 5 5 2 2 3 3 3 4 4 5 4 5 3 3 4 5 5 5 4 2 5 3 3 4 3 2 5 3 4 5 5 4 4 4 2 2 2 5 2 2 2 4 5 4 3 4 2 3 4 3 5 2 3 5 2 2 4 3 4 4 5 4 5 3 3 2 2 5 5 3 4 5 2 3 2 5 4 2 3 5 2 2 4 2 4 5 3 3 5 2 4 2 5 4 3 3 3 4 3 2 5 4 3 4 2 4 5 3 3 3 2 5 3 4 5 5 5 2 4 5 5 3 4 4 4 3 3 3 2 5 5 3 5 5 3 3 3 3 5 3 4 5 5 5 3 3 5 2 5 3 4 3 3 3 3 4 4 5 4 2 3 3 3 4 5 2 3 3 3 3 5 5 4 4 4 3 4 4 2 3 3 4 3 5 3 2 3 2 3 5 4 4 5 4 4 4 4 3 3 5 2 3 3 3 3 5 4 3 4 2 5 2 4 2 5 2 5 4 3 5 3 2 2 2 5 3 3 5 2 4 3 5 5 4 4 4 4 5 3 5 4 4 2 5 5 5 3 4 3 4 2 5 5 5 4 2 5 3 3 5 5 4 4 3 2 4 4 2 4 5 3 3 3 4 2 3 5 2 4 4 4 3 2 3 5 2 2 3 5 4 5 5 3 3 5 5 2 3 4 5 3 2 3 2 4 5 3 4 3 4 2 4 5 2 5 4 2 5 3 3 2 3 3 2 3 4 2 3 2 4 4 3 5 2 5 5 5 3 5 3 2 4 5 2 2 5 5 5 3 3 4 2 5 4 4 5 2 3 2 3 3 2 2 4 3 2 2 5 2 5 4 4 3 4 2 5 3 4 4 4 2 4 4 2 2 5 4 3 5 3 5 2 3 3 3 3 5 4 3 3 3 5 3 5 4 5 4 3 4 5 3 3 3 4 3 3 4 2 3 5 2 3 2 5 2 5 4 4 5 4 4 3 3 4 5 2 3 2 3 3 5 5 3 4 3 4 4 5 3 4 5 4 5 3 4 5 3 5 2 3 5 2 2 3 3 3 4 3 5 3 4 3 4 4 4 2 5 3 4 5 3 4 5 3 3 5 5 3 5 3 3 2 4 4 2 3 3 3 4 3 2 2 2 4 3 3 3 2 5 5 3 3 4 5 2 3 4 5 4 4 4 4 2 5 4 4 5 4 2 4 3 2 3 3 5 3 4 5 2 2 4 3 5 4 5 4 2 4 5 3 5 2 5 2 5 3 4 2 4 4 2 3 5 4 2 5 3 3 5 3 4 4 3 4 4 5 5 2 5 4 4 2 3 4 5 4 3 4 2 4 4 2 2 5 5 3 4 3 2 5 3 5 4 2 3 3 2 4 2 2 5 5 5 3 3 4 3 2 2 4 5 2 4 4 3 5 2 4 5 4 4 2 5 4 3 4 2 3 2 3 4 2 5 3 2 5 3 5 3 4 3 5 2 2 3 5 3 2 3 4 2 4 4 3 3 2 5 4 5 5 2 2 2 4 5 2 2 5 5 4 2 4 2 4 3 4 4 4 4 3 4 4 4 3 4 2 4 2 2 3 3 4 2 2 2 3 4 3 5 2 3 2 5 5 2 5 5 3 2 5 3 3 2 3 3 2 4 2 4 3 5 4 4 3 4 3 5 2 5 5 5 5 4 2 4 3 2 2 2 4 4 4 4 4 2 5 4 5 3 4 2 5 4 4 4 2 3 5 3 5 3 2 5 2 4 2 5 5 2 2 2 4 2 2 3 5 2 4 3 2 5 3 5 2 4 2 3 4 2 3 2 5 5 5 5 4 5 3 5 5 2 2 4 2 3 3 5 3 4 3 4 4 3 2 5 5 4 3 2 3 2 4 2 3 4 3 3 2 3 5 5 5 2 4 4 2 4 2 4 2 5 3 2 2 4 2 3 4 3 3 3 4 2 5 2 2 4 4 3 2 5 2 2 3 2 2 2 5 4 4 5 2 2 4 4 3 2 3 5 3 3 2 4 4 5 2 2 4 3 3 4 5 4 3 4 4 4 5 5 5 5 3 5 3 2 2 2 5 2 5 2 2 4 5 5 3 4 3 4 2 4 2 2 2 2 3 4 4 3 2 2 5 4 4 4 4 2 4 3 3 3 2 5 2 3 4 4 5 3 3 4 2 3 2 4 5 5 4 5 3 2 5
C
 1.07 1.07 1.07 1.07 1.07 1.07 1.07 1.07 1.07 1.07 1.07 1.07 1.07 1.07 1.07 1.07 1.07 1.07 1.07 1.07 1.07 1.07 1.07 1.07 1.07 1.07 1.07 1.07 1.07 1.07 1.07 1.07 1.07 1.07 1.07 1.07 1.07 1.07 1.07 1.07 1.07 1.07 1.07 1.07 1.07 1.07 1.07 1.07 1.07 1.07 1.07 1.07 1.07 1.07 1.07 1.07 1.07 1.07 1.07 1.07 1.07 1.07 1.07 1.07 1.07 1.07 1.07 1.07 1.07 1.07 1.07 1.07 1.07 1.07 1.07 1.07 1.07 1.07 1.07 1.07 1.07 1.07 1.07 1.07 1.07 1.07 1.07 1.07 1.07 1.07 1.07 1.07 1.07 1.07 1.07 1.07 1.07 1.07 1.07 1.07 1.07 1.07 1.07 1.07 1.07 1.07 1.07 1.07 1.07 1.07 1.07 1.07 1.07 1.07 1.07 1.07 1.07 1.07 1.07 1.07 1.07 1.07 1.07 1.07 1.07 1.07 1.07 1.07 1.07 1.07 1.07 1.07 1.07 1.07 1.07 1.07 1.07 1.07 1.07 1.07 1.07 1.07 1.07 1.07 1.07 1.07 1.07 1.07 1.07 1.07 1.07 1.07 1.07 1.07 1.07 1.07 1.07 1.07 1.07 1.07 1.07 1.07 1.07 1.07 1.07 1.07 1.07 1.07 1.07 1.07 1.07 1.07 1.07 1.07 1.07 1.07 1.07 1.07 1.07 1.07 1.07 1.07 1.07 1.07 1.07 1.07 1.07 1.07 1.07 1.07 1.07 1.07 1.07 1.07 1.07 1.07 1.07 1.07 1.07 1.07 1.07 1.07 1.07 1.07 1.07 1.07 1.07 1.07 1.07 1.07 1.07 1.07 1.07 1.07 1.07 1.07 1.07 1.07 1.07 1.07 1.07 1.07 1.07 1.07 1.07 1.07 1.07 1.07 1.07 1.07 1.07 1.07 1.07 1.07 1.07 1.07 1.07 1.07 1.07 1.07 1.07 1.07 1.07 1.07 1.07 1.07 1.07 1.07 1.07 1.07 1.07 1.07 1.07 1.07 1.07 1.07 1.07 1.07 1.07 1.07 1.07 1.07 1.07 1.07 1.07 1.07 1.07 1.07 1.07 1.07 1.07 1.07 1.07 1.07 1.07 1.07 1.07 1.07 1.07 1.07 1.07 1.07 1.07 1.07 1.07 1.07 1.07 1.07 1.07 1.07 1.07 1.07 1.07 1.07 1.07 1.07 1.07 1.07 1.07 1.07 1.07 1.07 1.07 1.07 1.07 1.07 1.07 1.07 1.07 1.07 1.07 1.07 1.07 1.07 1.07 1.07 1.07 1.07 1.07 1.07 1.07 1.07 1.07 1.07 1.07 1.07 1.07 1.07 1.07 1.07 1.07 1.07 1.07 1.07 1.07 1.07 1.07 1.07 1.07 1.07 1.07 1.07 1.07 1.07 1.07 1.07 1.07 1.07 1.07 1.07 1.07 1.07 1.07 1.07 1.07 1.07 1.07 1.07 1.07 1.07 1.07 1.07 1.07 1.07 1.07 1.07 1.07 1.07 1.07 1.07 1.07 1.07 1.07 1.07 1.07 1.07 1.07 1.07 1.07 1.07 1.07 1.07 1.07 1.07 1.07 1.07 1.07 1.07 1.07 1.07 1.07 1.07 1.07 1.07 1.07 1.07 1.07 1.07 1.07 1.07 1.07 1.07 1.07 1.07 1.07 1.07 1.07 1.07 1.07 1.07 1.07 1.07 1.07 1.07 1.07 1.07 1.07 1.07 1.07 1.07 1.07 1.07 1.07 1.07 1.07 1.07 1.07 1.07 1.07 1.07 1.07 1.07 1.07 1.07 1.07 1.07 1.07 1.07 1.07 1.07 1.07 1.07 1.07 1.07 1.07 1.07 1.07 1.07 1.07 1.07 1.07 1.07 1.07 1.07 1.07 1.07 1.07 1.07 1.07 1.07 1.07 1.07 1.07 1.07 1.07 1.07 1.07 1.07 1.07 1.07 1.07 1.07 1.07 1.07 1.07 1.07 1.07 1.07 1.07 1.07 1.07 1.07 1.07 1.07 1.07 1.07 1.07 1.07 1.07 1.07 1.07 1.07 1.07 1.07 1.07 1.07 1.07 1.07 1.07 1.07 1.07 1.07 1.07 1.07 1.07 1.07 1.07 1.07 1.07 1.07 1.07 1.07 1.07 1.07 1.07 1.07 1.07 1.07 1.07 1.07 1.07 1.07 1.07 1.07 1.07 1.07 1.07 1.07 1.07 1.07 1.07 1.07 1.07 1.07 1.07 1.07 1.07 1.07 1.07 1.07 1.07 1.07 1.07 1.07 1.07 1.07 1.07 1.07 1.07 1.07 1.07 1.07 1.07 1.07 1.07 1.07 1.07 1.07 1.07 1.07 1.07 1.07 1.07 1.07 1.07 1.07 1.07 1.07 1.07 1.07 1.07 1.07 1.07 1.07 1.07 1.07 1.07 1.07 1.07 1.07 1.07 1.07 1.07 1.07 1.07 1.07 1.07 1.07 1.07 1.07 1.07 1.07 1.07 1.07 1.07 1.07 1.07 1.07 1.07 1.07 1.07 1.07 1.07 1.07 1.07 1.07 1.07 1.07 1.07 1.07 1.07 1.07 1.07 1.07 1.07 1.07 1.07 1.07 1.07 1.07 1.07 1.07 1.07 1.07 1.07 1.07 1.07 1.07 1.07 1.07 1.07 1.07 1.07 1.07 1.07 1.07 1.07 1.07 1.07 1.07 1.07 1.07 1.07 1.07 1.07 1.07 1.07 1.07 1.07 1.07 1.07 1.07 1.07 1.07 1.07 1.07 1.07 1.07 1.07 1.07 1.07 1.07 1.07 1.07 1.07 1.07 1.07 1.07 1.07 1.07 1.07 1.07 1.07 1.07 1.07 1.07 1.07 1.07 1.07 1.07 1.07 1.07 1.07 1.07 1.07 1.07 1.07 1.07 1.07 1.07 1.07 1.07 1.07 1.07 1.07 1.07 1.07 1.07 1.07 1.07 1.07 1.07 1.07 1.07 1.07 1.07 1.07 1.07 1.07 1.07 1.07 1.07 1.07 1.07 1.07 1.07 1.07 1.07 1.07 1.07 1.07 1.07 1.07 1.07 1.07 1.07 1.07 1.07 1.07 1.07 1.07 1.07 1.07 1.07 1.07 1.07 1.07 1.07 1.07 1.07 1.07 1.07 1.07 1.07 1.07 1.07 1.07 1.07 1.07 1.07 1.07 1.07 1.07 1.07 1.07 1.07 1.07 1.07 1.07 1.07 1.07 1.07 1.07 1.07 1.07 1.07 1.07 1.07 1.07 1.07 1.07 1.07 1.07 1.07 1.07 1.07 1.07 1.07 1.07 1.07 1.07 1.07 1.07 1.07 1.07 1.07 1.07 1.07 1.07 1.07 1.07 1.07 1.07 1.07 1.07 1.07 1.07 1.07 1.07 1.07 1.07 1.07 1.07 1.07 1.07 1.07 1.07 1.07 1.07 1.07 1.07 1.07 1.07 1.07 1.07 1.07 1.07 1.07 1.07 1.07 1.07 1.07 1.07 1.07 1.07 1.07 1.07 1.07 1.07 1.07 1.07 1.07 1.07 1.07 1.07 1.07 1.07 1.07 1.07 1.07 1.07 1.07 1.07 1.07 1.07 1.07 1.07 1.07 1.07 1.07 1.07 1.07 1.07 1.07 1.07 1.07 1.07 1.07 1.07 1.07 1.07 1.07 1.07 1.07 1.07 1.07 1.07 1.07 1.07 1.07 1.07 1.07 1.07 1.07 1.07 1.07 1.07 1.07 1.07 1.07 1.07 1.07 1.07 1.07 1.07 1.07 1.07 1.07 1.07 1.07 1.07 1.07 1.07 1.07 1.07 1.07 1.07 1.07 1.07 1.07 1.07 1.07 1.07 1.07 1.07 1.07 1.07 1.07 1.07 1.07 1.07 1.07 1.07 1.07 1.07 1.07 1.07 1.07 1.07 1.07 1.07 1.07 1.07 1.07 1.07 1.07 1.07 1.07 1.07 1.07 1.07 1.07 1.07 1.07 1.07 1.07 1.07 1.07 1.07 1.07 1.07 1.07 1.07 1.07 1.07 1.07 1.07 1.07 1.07 1.07 1.07 1.07 1.07 1.07 1.07 1.07 1.07 1.07 1.07 1.07 1.07 1.07 1.07 1.07 1.07 1.07 1.07 1.07 1.07 1.07 1.07 1.07 1.07 1.07 1.07 1.07 1.07 1.07 1.07 1.07 1.07 1.07 1.07 1.07 1.07 1.07 1.07 1.07 1.07 1.07 1.07 1.07 1.07 1.07 1.07 1.07 1.07 1.07 1.07 1.07
LO
 4 1 5 0 5 5 0 3 5 1 3 5 2 2 1 5 5 3 5 2 5 5 1 0 2 0 2 3 0 2 0 3 2 0 1 4 1 2 5 4 0 3 5 3 0 3 4 3 5 1 0 4 0 2 0 2 3 1 2 4 5 1 0 2 2 4 1 0 4 0 4 2 3 5 2 5 2 4 1 5 0 4 4 5 3 4 2 1 2 1 4 1 3 2 4 0 0 1 2 2 4 3 3 0 0 4 1 4 5 4 4 3 4 1 4 0 5 0 0 4 1 4 5 2 2 4 0 4 2 3 4 2 1 1 5 4 3 0 1 2 4 3 0 5 0 1 2 1 3 0 5 3 2 2 2 3 1 2 5 0 4 5 1 0 3 4 2 0 2 3 0 3 0 0 1 2 4 3 3 2 1 2 1 1 4 5 3 2 1 2 0 4 5 5 4 0 5 5 4 5 4 2 4 1 5 4 5 3 4 4 3 2 0 3 4 2 3 4 4 5 1 2 5 5 3 1 3 0 2 3 0 2 1 4 3 2 0 3 4 1 0 1 4 2 5 2 5 5 1 4 1 0 0 3 3 5 4 1 4 0 0 4 1 0 5 5 3 4 5 1 4 3 2 4 1 2 5 4 0 0 0 1 5 5 2 4 3 1 3 4 5 5 1 4 5 0 4 5 5 3 0 5 5 4 0 1 1 5 1 5 5 0 2 5 5 4 2 0 3 0 2 5 5 2 1 5 1 4 2 2 2 1 1 2 3 5 3 3 3 4 2 3 4 2 5 1 2 1 0 3 0 1 2 0 3 1 1 1 2 5 2 1 5 4 0 4 4 2 5 3 4 5 5 5 1 3 3 4 4 0 4 3 3 0 5 4 5 5 4 4 3 5 2 5 4 2 0 4 0 5 4 1 5 5 0 2 2 1 5 4 1 3 0 5 4 3 1 1 3 2 2 3 5 5 5 4 5 1 1 0 3 3 2 5 1 0 2 3 5 4 5 5 3 5 0 0 0 5 4 1 1 5 3 3 0 2 4 0 2 4 3 2 5 0 1 0 3 1 2 0 4 5 3 5 4 4 5 2 2 5 1 3 5 2 2 4 4 1 2 3 4 3 0 0 4 3 0 0 0 0 3 1 5 5 2 5 3 5 1 4 0 2 4 0 1 2 3 4 2 4 1 0 0 1 3 4 4 4 3 1 5 4 4 5 0 2 2 2 3 4 3 3 3 3 0 0 4 3 1 4 5 4 2 2 3 4 4 4 1 2 2 0 5 5 3 0 1 4 2 0 5 2 4 3 4 2 1 5 5 3 3 3 2 2 1 3 3 1 0 2 4 1 3 2 5 1 3 1 2 2 2 3 1 1 0 4 5 3 5 4 4 4 1 4 2 5 5 2 0 0 4 0 1 4 4 3 0 4 5 5 5 3 0 3 1 2 2 1 5 5 1 1 1 0 0 5 5 5 1 1 0 3 3 2 4 2 5 5 4 0 1 0 0 2 2 5 1 0 1 1 5 1 5 2 2 1 5 0 2 0 5 4 0 2 0 5 2 2 1 1 3 3 2 3 4 5 1 2 0 5 4 4 4 2 3 4 4 1 3 0 5 3 2 4 4 5 0 3 4 3 0 3 2 3 0 0 5 1 3 2 3 1 2 2 3 0 5 2 3 2 5 4 5 5 5 3 4 2 3 5 1 2 2 2 1 4 0 4 1 4 5 5 1 2 4 4 4 2 3 0 5 4 4 2 3 1 4 2 3 1 4 2 5 4 5 2 5 5 2 3 1 5 2 2 4 4 1 1 5 0 5 2 3 0 1 3 5 4 1 2 3 2 4 0 5 2 1 5 2 4 3 2 4 2 1 0 0 1 1 1 5 1 1 5 5 2 4 3 5 2 4 2 0 3 5 5 0 3 1 0 0 2 2 4 0 2 4 1 3 5 5 1 5 3 2 1 5 1 2 2 1 5 3 5 0 2 4 2 2 4 3 4 1 5 5 1 4 0 0 1 0 0 4 4 0 1 2 2 1 5 0 2 1 0 5 2 4 5 3 0 2 2 5 3 5 4 1 4 3 3 1 3 3 2 3 4 5 2 3 3 4 5 2 3 1 0 0 5 1 4 0 0 3 1 3 5 1 3 5 3 0 3 5 1 2 2 5 3 2 3 0 5 4 5 1 3 3 0 4 0 2 1 2 4 3 2 1 3 2 3 4 1 2 4 0 3 2 2 0 4 3 3 2 4 5 4 5 5 5 4
D
 952 269 214 286 903 270 610 364 600 103 344 907 603 282 344 827 985 874 568 784 350 859 764 985 566 897 244 913 925 518 188 201 925 405 426 931 259 138 316 956 465 920 283 806 582 170 312 800 509 463 963 247 827 822 670 686 439 130 531 633 463 471 382 741 659 372 235 155 205 362 295 628 782 645 363 588 923 945 673 349 862 775 921 304 763 334 471 384 119 940 703 456 379 326 287 981 966 839 779 708 506 900 581 748 936 412 973 993 740 858 263 899 661 277 516 639 821 672 865 540 901 266 241 423 768 979 732 689 703 260 887 922 516 368 549 472 356 326 374 162 206 914 245 310 843 616 613 218 384 207 953 744 864 898 263 986 865 175 873 620 701 216 623 667 528 874 811 196 498 534 571 728 275 691 821 494 661 715 630 304 950 400 324 783 455 934 195 241 907 244 877 525 498 132 150 763 206 375 309 238 726 578 972 162 630 192 236 273 476 435 530 520 488 347 642 166 911 567 300 368 901 110 752 295 152 573 231 986 797 749 541 736 136 676 170 565 100 890 267 202 771 700 981 498 956 928 431 450 409 439 289 945 790 748 408 596 902 683 184 217 502 425 112 708 532 345 230 793 377 776 762 767 125 316 491 882 513 210 758 924 166 222 472 271 505 612 928 927 410 312 141 606 221 921 685 135 295 455 514 563 232 604 371 210 562 307 372 932 675 553 828 432 743 112 794 405 504 882 168 774 311 801 791 355 667 311 841 571 226 848 576 971 531 269 456 458 146 165 338 567 843 978 863 598 810 228 317 966 430 707 994 899 582 524 230 729 838 630 700 410 287 458 714 180 621 343 758 665 136 141 143 820 628 625 903 240 212 191 878 858 939 455 333 513 210 529 849 794 195 410 828 660 791 540 813 535 754 664 966 353 283 815 274 920 913 379 886 166 714 782 104 484 642 380 449 861 565 683 487 353 347 520 722 285 218 751 400 362 945 181 944 998 626 604 541 994 390 585 536 341 504 721 885 765 118 360 464 844 690 867 483 857 882 282 923 243 778 164 923 773 799 462 528 367 380 490 757 495 488 531 876 866 518 905 928 534 150 780 169 222 682 456 405 970 387 257 529 394 673 144 835 448 252 824 729 335 344 354 814 152 656 931 395 715 919 768 239 969 433 580 610 536 896 726 692 916 625 717 984 935 442 725 688 942 984 457 267 537 639 733 433 531 502 353 949 576 359 893 137 266 585 943 443 452 854 190 943 301 881 798 202 244 170 389 464 874 954 280 130 717 980 673 103 252 121 366 262 168 142 775 631 771 451 459 460 796 244 320 734 821 589 221 145 901 602 420 276 905 394 653 167 289 557 149 526 679 997 424 418 257 347 706 161 666 616 998 628 100 549 635 607 598 515 208 276 112 827 352 534 648 649 335 979 904 430 937 834 385 850 869 251 925 843 312 325 470 379 303 130 199 366 234 448 947 814 659 813 581 442 725 972 929 950 327 275 539 987 948 688 588 171 781 143 964 888 331 930 132 451 678 483 463 346 125 131 870 371 732 586 712 114 812 639 684 939 234 229 493 496 262 294 962 336 324 328 122 605 127 341 138 743 756 519 918 323 911 319 644 174 757 512 463 888 941 657 129 236 383 564 278 353 283 375 128 447 978 474 364 449 856 580 379 739 126 449 620 974 614 955 687 219 703 138 603 730 124 138 357 758 435 869 930 641 505 649 286 802 612 911 396 145 165 877 666 370 199 508 962 358 513 529 765 996 835 118 834 301 356 555 183 956 397 346 155 317 988 689 374 582 895 592 268 408 934 798 497 176 229 558 701 392 324 580 219 944 428 753 634 555 528 909 244 349 524 755 629 270 381 482 537 341 825 318 200 555 155 855 451 771 414 901 972 407 132 415 320 595 504 481 742 568 301 406 456 446 358 532 272 214 521 968 831 550 788 345 740 998 868 618 462 106 702 719 526 929 713 385 125 236 690 320 165 122 506 956 185 638 836 482 174 878 277 653 137 714 261 458 765 707 917 670 919 807 103 744 678 853 118 497 500 409 415 152 441 989 615 393 216 746 431 645 481 303 198 936 112 860 303 799 111 762 265 559 605 623 720 237 162 642 618 657 703 720 224 962 315 669 796 175 209 890 975 934 147 846 578 615 954 896 343 958 630 797 440 856 818 474 247 941 904 424 213 164 749 556 540 431 671 749 484 841 972 817 298 472 244 396 444 874 382 232 319 382 514 909 628 640 303 381 613 487 673 482 507 617 260 543 830 781 779
OS
 1 1 1 0 1 0 1 0 1 1 0 1 1 0 0 1 1 0 0 0 1 0 0 0 1 1 0 0 1 0 1 0 0 0 0 1 0 1 1 0 1 1 1 0 0 0 0 1 1 1 0 1 1 1 1 0 1 1 1 1 0 1 0 0 0 1 0 1 0 1 0 0 0 1 0 1 1 0 0 0 0 0 0 1 1 0 1 0 1 1 0 0 1 1 1 1 1 0 1 1 0 0 1 1 1 0 1 0 0 0 0 0 0 1 0 1 0 1 1 1 1 1 1 1 1 0 1 0 1 1 1 1 0 0 0 0 0 1 1 0 1 1 1 0 1 0 0 0 0 0 0 0 1 1 0 0 1 0 1 1 1 0 1 0 1 1 0 1 0 0 0 1 1 0 1 0 0 1 1 1 0 1 0 0 0 1 1 0 1 0 0 0 0 1 1 0 0 1 1 1 1 0 1 1 0 1 1 1 0 1 1 1 0 1 1 1 1 0 0 1 0 1 1 0 0 0 0 1 0 1 1 0 1 1 0 0 1 0 1 0 1 1 0 1 1 0 0 1 1 1 0 0 1 1 1 0 0 0 0 0 1 0 0 1 1 1 0 0 1 0 0 0 0 0 1 1 1 1 1 1 1 1 0 0 0 1 1 1 1 1 0 0 0 0 0 1 1 0 0 1 0 1 1 0 1 1 1 1 1 1 1 1 1 0 1 1 1 1 0 0 0 0 0 1 1 1 1 0 1 0 1 0 0 0 1 1 1 0 0 0 1 1 0 1 0 1 0 0 0 1 0 0 0 1 0 0 0 0 0 0 1 1 1 0 1 0 0 1 1 0 1 1 1 0 0 0 1 1 0 1 1 1 1 0 0 0 1 0 0 1 0 0 0 1 1 1 0 1 1 1 1 0 1 0 0 1 0 1 0 0 1 1 1 0 0 0 0 0 0 0 1 1 0 1 1 1 0 0 1 0 1 1 0 0 1 1 1 1 0 0 1 1 1 1 0 1 1 1 1 1 0 0 1 0 1 1 0 1 1 1 1 1 0 1 0 0 1 0 1 1 1 1 0 0 1 0 0 1 1 1 0 0 1 1 1 0 0 0 0 1 1 1 1 0 1 1 1 0 1 0 1 0 0 1 1 1 0 1 1 1 1 1 1 0 1 0 0 0 1 1 1 1 0 0 1 0 0 1 0 1 0 0 0 0 0 1 0 0 0 0 1 1 0 0 1 0 1 0 1 0 0 0 1 0 0 0 0 1 0 0 1 1 1 1 0 0 1 1 1 1 1 0 0 0 0 1 1 1 1 0 0 1 0 0 1 1 1 0 1 1 0 1 0 0 0 1 1 0 0 0 0 1 1 1 0 0 0 1 0 1 0 0 1 1 0 1 1 1 0 0 0 0 1 1 1 0 0 0 1 0 0 0 1 1 1 0 0 1 1 0 0 0 0 0 0 0 1 1 1 0 0 0 1 1 0 1 0 0 1 0 0 1 1 1 1 0 0 0 0 0 1 0 1 1 0 1 0 1 0 0 0 0 0 0 0 1 1 0 0 0 0 1 1 0 0 1 0 0 1 1 0 1 1 0 0 1 0 1 1 1 0 0 0 0 1 0 1 0 1 1 1 1 0 0 0 0 1 1 0 1 0 0 1 1 1 1 0 0 0 1 1 1 1 0 0 0 1 1 1 0 0 0 0 1 1 1 1 1 1 0 1 0 1 0 0 0 0 0 1 0 0 0 0 1 1 1 1 0 0 0 1 0 0 1 1 1 1 1 0 1 1 0 0 0 1 1 0 1 0 1 1 0 0 1 1 1 0 0 1 0 0 0 0 0 1 1 1 0 1 0 1 0 0 0 1 1 1 1 1 0 1 0 0 0 0 0 1 0 1 0 0 1 0 0 0 0 1 1 0 0 0 1 0 1 0 0 0 0 1 1 0 1 0 1 1 1 1 0 1 0 1 0 1 1 0 1 1 0 0 1 0 0 1 0 1 0 1 1 1 1 0 0 1 1 1 1 0 1 0 0 0 0 1 0 1 0 0 1 0 0 0 0 0 1 1 0 1 1 1 0 1 0 1 0 1 1 1 0 1 1 0 1 1 1 0 1 0 0 1 1 0 1 0 1 1 1 0 0 1 0 1 1 0 1 1 1 1 1 0 0 0 1 0 1 1 1 0 0 1 1 0 0 1 1 1 0 0 1 1 1 1 1 1 1 1 0 1 0 0 0 1 0 1 0 1 1 1 1 1 1
F
 20160 80640 40320 70560 20160 50400 90720 70560 80640 100800 100800 80640 20160 90720 10080 80640 70560 10080 10080 60480 100800 40320 30240 90720 70560 90720 80640 20160 70560 80640 90720 20160 20160 30240 100800 100800 30240 60480 90720 80640 10080 50400 100800 40320 40320 30240 90720 20160 40320 80640 90720 50400 90720 100800 70560 30240 60480 100800 50400 20160 40320 50400 20160 20160 80640 80640 80640 50400 80640 80640 40320 40320 80640 70560 50400 50400 20160 60480 50400 60480 30240 60480 50400 50400 70560 40320 20160 90720 50400 80640 80640 40320 40320 70560 50400 50400 90720 90720 70560 30240 40320 40320 10080 70560 80640 10080 70560 80640 90720 90720 60480 40320 100800 70560 20160 90720 100800 90720 30240 30240 30240 70560 50400 90720 70560 40320 20160 50400 90720 100800 100800 90720 100800 50400 70560 30240 10080 10080 100800 100800 20160 20160 50400 40320 50400 80640 90720 20160 100800 30240 80640 80640 40320 100800 40320 90720 40320 80640 80640 40320 40320 90720 30240 90720 60480 80640 10080 40320 50400 40320 80640 60480 10080 40320 10080 70560 20160 40320 80640 10080 70560 70560 100800 50400 60480 30240 30240 30240 60480 50400 10080 50400 10080 70560 10080 20160 80640 90720 90720 100800 60480 70560 30240 70560 100800 40320 30240 70560 80640 40320 80640 10080 50400 100800 60480 40320 20160 40320 40320 40320 10080 30240 40320 40320 60480 30240 10080 30240 60480 30240 80640 70560 90720 10080 80640 60480 70560 100800 40320 50400 90720 10080 100800 40320 80640 20160 50400 80640 10080 80640 90720 10080 10080 40320 80640 30240 70560 50400 70560 70560 30240 50400 100800 20160 90720 20160 60480 50400 100800 90720 80640 80640 30240 40320 80640 10080 40320 60480 60480 20160 50400 50400 40320 90720 10080 80640 20160 100800 90720 70560 60480 50400 40320 90720 20160 30240 40320 60480 50400 90720 70560 40320 40320 50400 60480 40320 70560 70560 70560 10080 60480 60480 100800 70560 30240 10080 100800 70560 30240 50400 70560 30240 40320 50400 60480 80640 70560 40320 40320 50400 60480 10080 10080 30240 40320 30240 20160 20160 50400 10080 60480 10080 100800 40320 20160 70560 10080 10080 20160 10080 60480 60480 30240 90720 10080 100800 10080 10080 80640 40320 80640 80640 80640 70560 40320 90720 50400 40320 30240 10080 100800 100800 70560 10080 50400 30240 40320 90720 60480 40320 50400 60480 60480 80640 90720 90720 60480 50400 30240 60480 70560 100800 60480 20160 70560 70560 90720 30240 90720 70560 60480 70560 80640 30240 70560 60480 60480 60480 10080 90720 10080 50400 80640 70560 20160 90720 60480 60480 50400 30240 60480 100800 70560 100800 40320 60480 20160 60480 30240 80640 30240 40320 90720 40320 40320 80640 10080 80640 60480 30240 70560 80640 80640 70560 20160 60480 10080 30240 50400 50400 30240 70560 20160 40320 30240 90720 90720 80640 10080 20160 80640 40320 10080 90720 60480 80640 20160 60480 50400 20160 60480 70560 20160 20160 20160 50400 80640 10080 100800 50400 70560 60480 60480 60480 70560 80640 40320 10080 100800 50400 20160 40320 90720 50400 50400 20160 40320 50400 90720 20160 10080 10080 50400 80640 40320 90720 30240 50400 20160 30240 20160 20160 50400 70560 100800 60480 100800 50400 30240 60480 90720 100800 90720 10080 50400 50400 80640 40320 40320 50400 90720 30240 100800 30240 80640 30240 60480 30240 70560 40320 80640 30240 90720 80640 40320 40320 70560 40320 50400 20160 90720 10080 40320 50400 70560 10080 100800 50400 20160 10080 80640 100800 90720 40320 90720 70560 70560 100800 30240 90720 100800 30240 50400 10080 40320 40320 20160 60480 50400 90720 30240 20160 80640 80640 100800 60480 60480 90720 40320 90720 70560 10080 20160 50400 50400 10080 60480 100800 70560 60480 30240 60480 10080 90720 60480 60480 90720 80640 10080 50400 90720 100800 30240 10080 80640 40320 50400 70560 10080 10080 80640 10080 20160 20160 20160 20160 80640 10080 100800 100800 20160 100800 70560 70560 90720 70560 20160 10080 30240 60480 70560 10080 30240 40320 70560 20160 90720 100800 20160 80640 60480 20160 50400 100800 60480 40320 50400 10080 80640 70560 20160 100800 10080 100800 90720 60480 80640 20160 90720 70560 40320 60480 80640 30240 40320 70560 20160 20160 70560 10080 20160 60480 100800 40320 50400 10080 50400 80640 80640 90720 50400 100800 80640 90720 20160 60480 10080 60480 80640 100800 70560 70560 90720 50400 60480 10080 80640 20160 40320 90720 50400 100800 30240 10080 10080 90720 80640 50400 100800 30240 30240 30240 10080 10080 100800 60480 80640 50400 80640 20160 80640 40320 50400 50400 30240 70560 70560 50400 50400 60480 60480 90720 100800 30240 90720 100800 40320 80640 70560 50400 70560 30240 80640 80640 50400 20160 70560 100800 80640 50400 100800 20160 10080 10080 100800 90720 90720 40320 60480 70560 40320 20160 30240 50400 90720 70560 100800 70560 10080 50400 30240 90720 30240 70560 100800 80640 50400 60480 60480 30240 90720 40320 100800 20160 50400 60480 60480 60480 80640 40320 10080 100800 90720 10080 60480 10080 10080 20160 30240 20160 100800 60480 80640 10080 90720 100800 70560 80640 20160 20160 30240 50400 80640 20160 100800 10080 90720 70560 90720 40320 70560 10080 20160 40320 90720 60480 40320 10080 50400 100800 80640 20160 30240 100800 70560 60480 40320 20160 70560 70560 60480 50400 70560 50400 20160 30240 20160 20160 20160 10080 60480 90720 20160 20160 100800 90720 90720 30240 10080 30240 90720 70560 30240 90720 80640 100800 70560 50400 80640 40320 20160 50400 20160 20160 20160 40320 100800 30240 50400 50400 100800 60480 100800 50400 70560 50400 100800 60480 90720 50400 50400 30240 40320 20160 80640 10080 40320 100800 40320 30240 80640 30240 40320 70560 60480 60480 90720 30240 50400 80640 20160 40320 80640 100800 10080 10080 80640 40320 60480 90720 100800 30240 60480 80640 10080 30240 10080 80640 50400 50400 40320 90720 80640 10080 30240 60480 80640 40320 10080 70560 40320 70560 50400 30240 40320 30240 40320 20160 10080 10080 80640 50400 50400 80640 70560 80640 50400 90720 100800 30240 80640 60480 80640 30240 60480 80640 90720 70560 20160 100800 100800 40320 100800 20160 100800 80640 40320 60480 40320 70560 30240 80640 100800 40320 60480 30240 100800 70560 100800 10080
M
 10 14 12 10 10 10 15 13 13 8 11 8 8 10 14 13 16 15 16 8 12 13 8 8 13 16 14 9 14 8 13 10 8 8 10 13 9 8 13 16 15 10 10 8 9 13 9 13 14 10 9 8 11 16 11 16 8 11 14 14 9 8 12 13 14 16 9 15 10 8 15 16 10 16 15 8 9 14 12 10 13 13 14 13 10 12 12 16 12 15 14 16 9 9 14 13 8 15 16 14 14 14 12 8 14 16 9 16 8 11 16 15 10 16 9 16 13 14 9 8 12 16 14 13 8 8 12 8 16 15 14 12 12 11 11 15 13 16 16 8 11 13 9 10 15 10 11 11 11 9 13 9 15 8 10 10 13 8 15 12 14 15 12 15 8 13 10 9 11 13 14 11 12 9 13 11 13 13 9 11 10 13 8 10 12 9 9 9 13 12 13 16 8 15 11 9 16 12 8 9 16 16 14 14 9 14 12 8 12 15 13 15 14 9 13 14 8 15 13 9 12 8 16 9 14 13 15 15 15 15 11 8 10 15 15 11 10 9 15 10 13 14 12 16 11 8 10 10 15 12 16 13 12 13 10 14 9 12 16 9 14 9 13 8 15 14 13 9 15 16 12 15 15 8 10 10 14 14 8 11 8 15 11 14 12 12 9 13 10 14 15 14 10 10 12 13 14 15 16 10 12 10 15 12 13 11 10 14 13 14 15 11 8 12 8 14 15 12 14 14 11 8 8 14 11 12 9 13 8 12 9 12 12 14 11 10 15 16 14 8 12 12 9 8 14 8 13 16 13 10 13 13 14 10 10 11 12 8 16 10 12 10 15 15 8 13 11 15 13 9 8 14 10 13 9 11 12 16 15 16 9 16 10 11 9 13 16 10 14 9 11 8 15 12 11 16 14 16 11 9 12 12 10 15 15 10 8 8 10 14 10 16 16 13 13 14 11 13 10 9 14 13 16 14 16 11 12 15 8 12 14 8 15 14 8 9 14 15 14 14 8 12 11 11 11 12 9 15 14 13 13 10 10 11 11 11 12 12 12 8 15 12 11 14 11 13 13 9 10 10 14 14 16 15 13 16 10 13 13 13 15 13 8 13 9 15 12 13 10 12 12 9 9 11 16 12 16 10 14 12 10 12 14 10 10 10 16 16 16 12 14 11 15 16 14 14 10 11 13 13 11 10 8 14 9 15 11 15 14 8 11 10 10 13 10 11 14 15 16 15 10 9 14 13 11 15 16 11 13 12 8 10 10 13 8 8 11 14 9 14 16 8 8 8 13 13 15 10 9 15 16 13 15 9 10 15 16 10 14 10 8 11 15 16 10 8 10 14 9 15 13 16 14 15 9 15 16 15 14 12 11 9 8 8 9 14 15 9 10 13 15 16 12 9 11 10 9 9 10 15 9 8 8 15 12 16 8 8 15 11 16 12 14 9 16 12 16 14 15 8 11 11 13 11 16 9 10 16 14 8 11 11 14 8 15 9 8 9 10 16 13 13 12 14 10 11 16 11 8 16 8 12 9 8 15 9 12 10 9 12 14 14 14 16 10 8 9 13 10 13 13 9 12 15 16 11 13 10 9 14 9 13 16 12 8 12 13 13 10 13 13 16 12 8 14 10 10 15 15 14 15 10 15 11 16 13 14 14 14 9 15 8 10 11 16 13 12 11 14 13 8 15 11 13 14 12 13 12 13 16 11 12 11 8 15 11 13 8 12 16 14 14 9 9 11 9 13 13 8 16 8 15 9 8 9 13 14 15 9 12 12 12 13 8 10 14 14 10 9 13 16 11 11 16 13 11 15 9 10 9 12 8 9 12 15 9 9 14 16 13 14 16 12 13 9 16 16 8 8 10 11 15 16 11 14 13 12 15 15 16 8 14 8 9 11 9 12 10 8 9 12 8 16 10 15 9 8 11 16 9 9 8 16 9 11 9 10 13 12 12 16 14 10 12 11 14 15 13 13 14 15 13 11 9 13 8 16 10 9 11 10 11 16 8 9 8 9 10 14 12 14 8 9 9 14 13 14 14 12 12 15 12 9 13 10 9 11 11 8 16 9 12 15 13 14 13 9 12 14 9 8 13 11 15 13 11 15 15 15 14 10 9 15 11 11 10 11 14 10 8 9 15 15 8 10 10 16 10 16 12 9 10 15 9 8 15 9 10 13 15 14 14 14 9 15 9 15 13 16 8 13 16 14 11 9 13 11 9 8 11 16 16 15 13 15 16 9 9 14 13 11 9 10 10 12 9 15 13 10 11
