## - cloud resource specifications
numberOfClouds 
 3
packagename
 m3.medium m3.large m3.xlarge m3.2xlarge c3.large c3.xlarge c3.2xlarge c3.4xlarge c3.8xlarge r3.large r3.xlarge r3.2xlarge r3.4xlarge r3.8xlarge i2.xlarge i2.2xlarge i2.4xlarge i2.8xlarge n1-standard-1 n1-standard-2 n1-standard-4 n1-standard-8 n1-standard-16 n1-highcpu-2 n1-highcpu-4 n1-highcpu-8 n1-highcpu-16 n1-highmem-2 n1-highmem-4 n1-highmem-8 n1-highmem-16 A0 A1 A2 A3 A4 A5 A6 A7 D1 D2 D3 D4 D11 D12 D13 D14 A10 A11
package
 18 13 18
Gflops
 190 380 760 1520 426 852 1704 3408 6816 380 760 1520 3040 6080 760 1520 3040 6080 159 317 634 1268 2536 317 634 1268 2536 317 634 1268 2536 168 168 335 670 1340 670 1340 2680 335 670 1340 2680 670 1340 2680 5360 3040 6080
ram
 3.75 7.5 15 30 3.75 7.5 15 30 60 15.25 30.5 61 122 244 30.5 61 122 244 3.75 7.5 15 30 60 1.8 3.6 7.2 14.4 13 26 52 104 0.75 1.75 3.5 7.0 14.0 14.0 28.0 56.0 3.5 7.0 14.0 28.0 14.0 28.0 56.0 112.0 56.0 112.0
disk
 4.0 32.0 80.0 160.0 32.0 80.0 160.0 320.0 640.0 32.0 80.0 160.0 320.0 640.0 800.0 1600.0 3200.0 6400.0 100.0 250.0 500.0 750.0 1000.0 250.0 500.0 750.0 1000.0 250.0 500.0 750.0 1000.0 20.0 70.0 135.0 285.0 605.0 135.0 285.0 605.0 50.0 100.0 200.0 400.0 100.0 200.0 400.0 800.0 382.0 382.0
locationProvider
 7 3 8
locationID
 1 1 2 2 3 4 5 1 2 3 1 2 2 3 3 4 4 5
priceOS0
 0.07 0.14 0.28 0.56 0.105 0.21 0.42 0.84 1.68 0.175 0.35 0.7 1.4 2.8 0.853 1.705 3.41 6.82 0.077 0.154 0.308 0.616 0.12 0.239 0.478 0.956 1.912 0.195 0.39 0.78 1.56 3.12 0.938 1.876 3.751 7.502 0.077 0.154 0.308 0.616 0.12 0.239 0.478 0.956 1.912 0.195 0.39 0.78 1.56 3.12 0.938 1.876 3.751 7.502 0.083 0.166 0.332 0.665 0.129 0.258 0.516 1.032 2.064 0.21 0.421 0.842 1.684 3.369 1.013 2.026 4.051 8.102 0.098 0.196 0.392 0.784 0.132 0.265 0.529 1.058 2.117 0.21 0.42 0.84 1.68 3.36 1.018 2.035 4.07 8.14 0.101 0.203 0.405 0.81 0.128 0.255 0.511 1.021 2.043 0.21 0.42 0.84 1.68 3.36 1.001 2.001 4.002 8.004 0.098 0.196 0.392 0.784 0.132 0.265 0.529 1.058 2.117 0.21 0.42 0.84 1.68 3.36 1.018 2.035 4.07 8.14 0.122 0.255 0.510 1.521 2.924 0.275 0.550 1.601 3.084 0.237 0.474 1.449 2.780 0.126 0.263 0.526 1.553 2.988 0.285 0.570 1.641 3.164 0.243 0.486 1.473 2.828 0.126 0.263 0.526 1.553 2.988 0.285 0.570 1.641 3.164 0.243 0.486 1.473 2.828 0.02 0.06 0.12 0.24 0.48 0.25 0.5 1.0 0.094 0.188 0.376 0.752 0.238 0.476 0.857 1.542 1.16 2.08 0.02 0.06 0.12 0.24 0.48 0.248 0.496 0.992 0.094 0.188 0.376 0.752 0.238 0.476 0.857 1.542 1.33 2.39 0.02 0.06 0.12 0.24 0.48 0.27 0.54 1.08 0.115 0.23 0.46 0.92 0.273 0.546 0.983 1.769 1.33 2.39 0.02 0.06 0.12 0.24 0.48 0.294 0.588 1.176 0.138 0.276 0.552 1.104 0.295 0.59 1.062 1.912 1.51 2.7 0.02 0.06 0.12 0.24 0.48 0.27 0.54 1.08 0.12 0.24 0.48 0.96 0.256 0.512 0.922 1.659 1.33 2.39 0.024 0.081 0.162 0.324 0.648 0.281 0.562 1.124 0.142 0.284 0.568 1.136 0.295 0.59 1.062 1.912 1.51 2.7 0.021 0.073 0.146 0.292 0.584 0.258 0.516 1.032 0.123 0.246 0.492 0.984 0.256 0.512 0.922 1.659 1.33 2.39 0.029 0.071 0.142 0.284 0.568 0.278 0.556 1.112 0.12 0.239 0.478 0.956 0.256 0.512 0.922 1.66 1.33 2.39
priceOS1
 0.133 0.266 0.532 1.064 0.188 0.376 0.752 1.504 3.008 0.3 0.6 1.08 1.944 3.5 0.973 1.946 3.891 7.782 0.133 0.266 0.532 1.064 0.188 0.376 0.752 1.504 3.008 0.3 0.6 1.08 1.944 3.5 0.973 1.946 3.891 7.782 0.14 0.28 0.56 1.12 0.188 0.376 0.752 1.504 3.008 0.33 0.652 1.173 2.111 3.8 1.058 2.116 4.232 8.464 0.146 0.292 0.584 1.169 0.212 0.424 0.848 1.696 3.392 0.335 0.671 1.222 2.228 4.069 1.133 2.267 4.532 9.064 0.161 0.322 0.644 1.288 0.238 0.477 0.935 1.906 3.813 0.323 0.646 1.192 2.447 4.6 1.169 2.337 4.674 9.348 0.151 0.302 0.603 1.206 0.231 0.462 0.925 1.849 3.699 0.31 0.62 1.219 2.276 4.25 1.113 2.226 4.451 8.903 0.161 0.322 0.644 1.288 0.238 0.477 0.935 1.906 3.813 0.323 0.646 1.192 2.447 4.6 1.169 2.337 4.674 9.348 0.102 0.215 0.430 0.801 1.484 0.235 0.470 0.881 1.644 0.197 0.394 0.729 1.340 0.106 0.223 0.446 0.833 1.548 0.245 0.490 0.921 1.724 0.203 0.406 0.753 1.388 0.106 0.223 0.446 0.833 1.548 0.245 0.490 0.921 1.724 0.203 0.406 0.753 1.388 0.02 0.09 0.18 0.36 0.72 0.33 0.66 1.32 0.171 0.342 0.684 1.368 0.403 0.806 1.451 2.611 1.64 3.04 0.02 0.09 0.18 0.36 0.72 0.3 0.6 1.2 0.159 0.318 0.636 1.272 0.366 0.732 1.318 2.372 1.89 3.5 0.02 0.09 0.18 0.36 0.72 0.34 0.68 1.36 0.183 0.366 0.732 1.464 0.421 0.842 1.516 2.728 1.89 3.5 0.02 0.09 0.18 0.36 0.72 0.36 0.72 1.44 0.224 0.448 0.896 1.792 0.453 0.906 1.631 2.935 2.13 3.95 0.02 0.09 0.18 0.36 0.72 0.32 0.64 1.28 0.195 0.39 0.78 1.56 0.394 0.788 1.418 2.553 1.89 3.5 0.024 0.106 0.212 0.424 0.848 0.35 0.7 1.4 0.211 0.422 0.844 1.688 0.436 0.872 1.57 2.825 2.13 3.95 0.021 0.095 0.19 0.38 0.76 0.31 0.62 1.24 0.183 0.366 0.732 1.464 0.378 0.756 1.361 2.449 1.89 3.5 0.029 0.113 0.226 0.452 0.904 0.349 0.698 1.396 0.196 0.393 0.786 1.571 0.394 0.788 1.419 2.554 1.89 3.5
# - client 2 requirements:
N
500
Tf
 4 5 4 4 5 3 2 2 2 4 3 3 4 2 3 4 5 5 5 5 3 2 2 2 5 2 2 3 4 2 5 5 5 2 2 4 2 4 3 4 5 4 3 4 5 2 3 2 3 3 3 2 2 2 3 2 4 5 4 3 2 5 3 5 3 2 2 3 4 5 4 5 4 3 4 2 2 3 2 2 2 5 3 2 2 2 2 3 2 2 2 2 2 5 4 3 5 3 4 5 5 2 5 4 2 3 2 3 2 5 5 5 2 4 3 2 4 5 2 5 3 2 3 3 3 5 2 2 5 3 4 2 2 2 2 2 5 2 5 2 2 5 4 2 4 4 4 2 5 4 5 4 3 3 4 4 4 4 4 2 5 3 2 2 4 2 2 4 4 2 5 4 5 2 2 5 2 4 4 3 4 4 4 5 3 2 5 4 5 2 5 2 5 2 4 4 3 5 5 3 5 2 3 3 4 2 5 4 2 2 2 3 2 2 4 4 3 2 2 3 3 4 5 3 3 3 4 5 3 5 3 5 4 2 5 3 2 5 3 5 5 4 5 4 3 5 3 5 2 3 2 3 5 2 4 4 5 3 5 2 2 4 5 3 4 3 4 2 4 4 4 4 5 2 2 4 4 5 2 5 5 3 5 3 2 5 3 2 5 3 3 4 2 4 3 4 3 2 2 4 3 2 4 3 5 2 2 3 5 3 2 4 5 4 4 3 3 3 3 3 3 4 5 5 5 3 5 3 2 3 4 5 5 5 3 2 4 3 2 4 5 3 2 2 3 5 5 2 5 2 3 3 2 4 3 3 5 3 3 5 3 4 2 3 4 4 3 2 2 4 2 5 4 3 3 2 4 2 3 2 4 5 3 5 4 5 5 3 5 3 3 4 3 2 2 4 4 2 5 4 2 3 4 5 3 2 5 4 5 5 2 2 2 2 4 2 3 5 3 4 5 2 4 5 3 3 4 2 2 4 4 4 5 3 3 4 2 4 4 5 3 3 3 2 2 5 4 2 4 2 2 4 2 5 5 5 3 4 4 5 3 4 3 5 2 2 4 4 2 5 3 3 5 5 5 3 3 3 3 3 4 5 5 3 3 2 4 5 3 4 2 4 3 3 4 4 4 3 5 5
C
 1.07 1.07 1.07 1.07 1.07 1.07 1.07 1.07 1.07 1.07 1.07 1.07 1.07 1.07 1.07 1.07 1.07 1.07 1.07 1.07 1.07 1.07 1.07 1.07 1.07 1.07 1.07 1.07 1.07 1.07 1.07 1.07 1.07 1.07 1.07 1.07 1.07 1.07 1.07 1.07 1.07 1.07 1.07 1.07 1.07 1.07 1.07 1.07 1.07 1.07 1.07 1.07 1.07 1.07 1.07 1.07 1.07 1.07 1.07 1.07 1.07 1.07 1.07 1.07 1.07 1.07 1.07 1.07 1.07 1.07 1.07 1.07 1.07 1.07 1.07 1.07 1.07 1.07 1.07 1.07 1.07 1.07 1.07 1.07 1.07 1.07 1.07 1.07 1.07 1.07 1.07 1.07 1.07 1.07 1.07 1.07 1.07 1.07 1.07 1.07 1.07 1.07 1.07 1.07 1.07 1.07 1.07 1.07 1.07 1.07 1.07 1.07 1.07 1.07 1.07 1.07 1.07 1.07 1.07 1.07 1.07 1.07 1.07 1.07 1.07 1.07 1.07 1.07 1.07 1.07 1.07 1.07 1.07 1.07 1.07 1.07 1.07 1.07 1.07 1.07 1.07 1.07 1.07 1.07 1.07 1.07 1.07 1.07 1.07 1.07 1.07 1.07 1.07 1.07 1.07 1.07 1.07 1.07 1.07 1.07 1.07 1.07 1.07 1.07 1.07 1.07 1.07 1.07 1.07 1.07 1.07 1.07 1.07 1.07 1.07 1.07 1.07 1.07 1.07 1.07 1.07 1.07 1.07 1.07 1.07 1.07 1.07 1.07 1.07 1.07 1.07 1.07 1.07 1.07 1.07 1.07 1.07 1.07 1.07 1.07 1.07 1.07 1.07 1.07 1.07 1.07 1.07 1.07 1.07 1.07 1.07 1.07 1.07 1.07 1.07 1.07 1.07 1.07 1.07 1.07 1.07 1.07 1.07 1.07 1.07 1.07 1.07 1.07 1.07 1.07 1.07 1.07 1.07 1.07 1.07 1.07 1.07 1.07 1.07 1.07 1.07 1.07 1.07 1.07 1.07 1.07 1.07 1.07 1.07 1.07 1.07 1.07 1.07 1.07 1.07 1.07 1.07 1.07 1.07 1.07 1.07 1.07 1.07 1.07 1.07 1.07 1.07 1.07 1.07 1.07 1.07 1.07 1.07 1.07 1.07 1.07 1.07 1.07 1.07 1.07 1.07 1.07 1.07 1.07 1.07 1.07 1.07 1.07 1.07 1.07 1.07 1.07 1.07 1.07 1.07 1.07 1.07 1.07 1.07 1.07 1.07 1.07 1.07 1.07 1.07 1.07 1.07 1.07 1.07 1.07 1.07 1.07 1.07 1.07 1.07 1.07 1.07 1.07 1.07 1.07 1.07 1.07 1.07 1.07 1.07 1.07 1.07 1.07 1.07 1.07 1.07 1.07 1.07 1.07 1.07 1.07 1.07 1.07 1.07 1.07 1.07 1.07 1.07 1.07 1.07 1.07 1.07 1.07 1.07 1.07 1.07 1.07 1.07 1.07 1.07 1.07 1.07 1.07 1.07 1.07 1.07 1.07 1.07 1.07 1.07 1.07 1.07 1.07 1.07 1.07 1.07 1.07 1.07 1.07 1.07 1.07 1.07 1.07 1.07 1.07 1.07 1.07 1.07 1.07 1.07 1.07 1.07 1.07 1.07 1.07 1.07 1.07 1.07 1.07 1.07 1.07 1.07 1.07 1.07 1.07 1.07 1.07 1.07 1.07 1.07 1.07 1.07 1.07 1.07 1.07 1.07 1.07 1.07 1.07 1.07 1.07 1.07 1.07 1.07 1.07 1.07 1.07 1.07 1.07 1.07 1.07 1.07 1.07 1.07 1.07 1.07 1.07 1.07 1.07 1.07 1.07 1.07 1.07 1.07 1.07 1.07 1.07 1.07 1.07 1.07 1.07 1.07 1.07 1.07 1.07 1.07 1.07 1.07 1.07 1.07 1.07 1.07 1.07 1.07 1.07 1.07 1.07 1.07 1.07 1.07 1.07 1.07 1.07 1.07 1.07 1.07 1.07 1.07 1.07 1.07 1.07 1.07 1.07 1.07 1.07 1.07 1.07 1.07 1.07 1.07 1.07 1.07 1.07 1.07 1.07 1.07 1.07 1.07 1.07 1.07 1.07 1.07 1.07 1.07 1.07
LO
 1 1 1 0 1 4 5 2 3 2 1 0 4 3 1 4 4 1 1 4 1 5 2 5 0 1 2 2 2 2 4 2 1 1 1 0 4 3 4 0 2 1 1 3 4 1 3 3 3 5 5 5 0 4 1 1 3 3 5 3 2 2 5 5 5 4 3 4 5 2 3 3 2 0 2 1 4 3 3 5 4 2 0 3 0 1 4 3 0 3 1 4 2 4 4 3 0 0 5 1 2 2 5 3 3 3 0 4 0 2 0 5 2 0 0 4 4 3 3 3 1 1 5 5 1 1 3 4 4 5 3 2 4 2 2 4 3 1 4 5 3 0 4 0 3 3 3 3 1 2 3 1 2 4 3 1 4 3 4 4 1 3 0 4 2 0 0 2 3 4 1 3 3 1 1 4 5 3 5 1 4 4 5 2 1 4 1 1 0 1 2 4 0 4 5 1 3 5 3 2 4 0 5 4 0 1 4 2 5 0 2 2 1 1 1 1 2 2 5 2 1 0 2 2 3 3 0 1 2 3 4 3 0 0 1 1 1 2 4 1 3 5 0 5 1 1 5 1 0 3 5 5 0 2 0 2 1 1 0 5 2 2 2 1 0 0 1 1 5 1 1 2 2 0 5 5 4 0 0 4 3 2 5 0 1 4 4 3 5 2 3 2 2 1 5 2 5 4 3 3 5 0 1 5 1 4 3 4 5 2 4 4 4 4 0 2 5 5 2 3 5 2 0 5 3 0 1 4 5 3 1 1 4 5 3 0 2 0 0 5 2 3 4 3 5 3 1 2 2 1 1 0 3 0 0 1 0 4 3 5 3 0 5 1 2 0 5 3 3 1 3 3 4 4 0 4 1 4 2 2 5 2 2 1 3 2 1 0 2 0 0 4 5 1 5 4 1 1 2 5 2 0 0 2 5 1 4 1 0 2 2 2 1 2 5 4 2 5 0 1 4 2 2 3 5 0 2 0 4 0 0 4 3 3 0 1 5 0 1 0 3 0 2 5 3 1 2 1 3 2 1 0 0 2 5 0 3 5 3 3 5 1 5 2 4 5 3 5 1 4 2 4 1 1 3 1 0 2 2 4 1 3 0 4 1 1 5 4 3 5 4 1 2 1 0 0 1 1 2 2
D
 981 186 935 381 969 605 902 209 595 904 908 510 364 231 547 121 818 433 835 202 207 130 217 323 820 162 836 753 512 118 212 681 912 759 142 427 868 609 997 304 496 211 578 230 109 825 471 351 246 676 661 766 828 683 698 115 773 337 288 747 596 840 458 837 558 588 572 488 526 619 977 941 958 827 925 894 474 591 496 697 531 410 423 360 585 463 828 934 394 957 146 795 794 504 130 165 542 245 517 767 594 318 976 346 539 223 433 134 535 691 465 980 636 327 183 297 399 245 902 229 323 260 988 849 951 610 227 703 677 923 733 531 624 415 761 945 900 865 191 975 194 776 440 550 352 697 342 960 582 857 932 605 502 497 566 697 860 305 433 767 148 406 134 221 764 237 953 942 359 697 708 410 725 564 704 401 107 614 953 559 822 735 197 242 618 123 676 199 694 833 523 452 459 887 493 408 599 247 523 696 848 796 751 912 225 785 291 246 646 795 924 247 179 267 972 172 943 282 296 957 157 518 192 405 867 674 639 645 218 389 957 869 449 722 913 694 288 251 980 160 478 917 359 803 354 101 484 694 869 1000 813 424 563 132 206 250 774 125 874 848 814 928 974 352 255 535 223 287 1000 402 213 152 715 256 363 861 859 538 903 166 241 219 533 655 496 870 525 463 636 764 787 786 946 651 662 655 117 428 186 208 498 264 279 128 465 345 599 250 772 869 638 406 816 268 666 214 408 398 371 586 177 339 693 600 402 860 304 814 310 700 944 802 638 705 417 155 819 126 304 658 175 124 946 643 880 666 916 100 223 131 595 942 259 263 955 302 348 102 568 534 159 870 979 699 958 876 700 535 922 323 671 575 683 458 787 146 506 752 804 335 760 986 574 639 264 289 422 352 272 424 971 453 826 309 948 439 864 955 209 695 475 623 180 813 864 544 967 269 288 979 531 372 247 440 649 288 895 182 294 290 486 445 900 127 844 747 551 514 943 402 117 844 975 375 275 389 650 280 132 718 498 808 692 669 688 280 609 728 707 293 152 525 259 235 125 973 278 352 420 980 455 394 162 381 474 482 723 257 917 667 643 656 302 657 565 881 301 981 131 445 789 165 341 411 622 872 958 304 984 802 348 555 284 266 599 267 869 717 809 735
OS
 0 0 0 0 0 0 1 1 1 1 0 1 1 0 1 0 0 1 0 1 0 1 1 1 1 0 0 1 0 1 1 0 0 1 0 0 0 1 1 1 0 0 0 0 0 0 0 0 1 0 1 1 0 0 1 1 0 1 0 1 0 1 0 1 1 1 0 1 1 0 0 1 1 1 0 0 1 1 1 1 1 0 1 0 0 0 1 1 0 0 0 0 0 1 0 1 0 0 1 1 0 1 0 0 1 0 1 0 0 1 1 0 0 0 1 1 0 0 1 1 0 0 1 1 0 1 1 0 0 0 0 0 1 0 1 1 1 0 0 1 1 0 1 1 0 1 0 1 0 1 1 1 1 1 1 0 0 0 1 1 1 1 0 0 1 0 1 1 0 1 0 0 0 1 1 1 0 0 0 1 1 0 1 1 1 1 1 1 1 1 1 1 0 1 1 0 1 0 1 1 0 0 1 1 0 1 1 1 0 1 1 1 0 0 1 0 1 1 0 1 1 0 1 0 0 0 0 1 1 0 1 1 1 1 1 1 0 0 1 0 1 1 0 1 1 0 1 0 1 0 1 1 1 0 1 1 1 1 0 0 1 0 1 1 0 0 0 1 1 0 1 0 1 0 0 0 0 1 0 1 0 0 1 1 0 0 0 0 0 0 1 0 1 1 0 0 0 0 1 0 1 1 1 0 0 0 0 1 1 1 0 0 1 1 1 0 0 1 1 1 1 0 0 1 0 0 1 1 0 1 0 0 1 1 1 1 1 0 0 0 0 0 0 1 0 0 1 0 1 1 0 0 0 1 1 1 0 1 0 1 1 1 0 1 0 1 1 1 0 0 1 0 0 1 1 1 0 1 1 1 1 1 0 0 1 1 0 1 1 0 0 1 0 0 0 1 0 0 1 0 1 0 1 0 0 0 1 1 0 0 1 1 1 0 1 0 1 0 0 1 1 1 0 1 0 0 1 0 1 1 0 0 1 1 1 1 0 0 0 1 1 1 0 0 1 0 1 1 1 1 0 1 1 0 1 1 0 0 1 0 1 0 1 1 1 0 1 1 0 0 0 1 1 1 1 1 1 1 0 0 1 0 1 0 1 0 0 0 1 1 0 0 1 1 0 0 0 0 0 1
F
 90720 80640 100800 50400 50400 20160 70560 70560 50400 70560 90720 40320 40320 50400 40320 90720 60480 80640 40320 90720 20160 100800 20160 60480 50400 100800 40320 100800 60480 100800 80640 60480 60480 60480 100800 80640 10080 70560 40320 10080 80640 80640 90720 10080 40320 60480 30240 30240 40320 10080 80640 30240 30240 50400 40320 50400 90720 10080 30240 10080 10080 60480 100800 80640 30240 90720 40320 60480 60480 30240 70560 50400 70560 10080 10080 100800 80640 30240 50400 10080 70560 70560 10080 80640 20160 60480 70560 50400 70560 30240 100800 70560 60480 40320 20160 60480 20160 80640 80640 70560 60480 10080 40320 80640 20160 30240 20160 60480 50400 50400 60480 100800 70560 60480 40320 60480 90720 80640 100800 10080 20160 20160 60480 60480 50400 50400 10080 100800 70560 20160 70560 90720 100800 30240 10080 40320 20160 100800 40320 30240 40320 90720 60480 30240 50400 90720 30240 50400 10080 30240 100800 40320 20160 20160 30240 90720 80640 60480 40320 90720 20160 10080 30240 80640 20160 90720 40320 10080 100800 50400 30240 40320 30240 10080 40320 50400 80640 20160 40320 30240 40320 80640 10080 80640 50400 20160 90720 20160 30240 60480 40320 10080 100800 70560 60480 60480 100800 40320 70560 100800 20160 90720 50400 40320 90720 10080 20160 20160 60480 30240 50400 40320 30240 100800 40320 30240 20160 10080 10080 10080 100800 30240 30240 30240 90720 10080 70560 10080 70560 90720 10080 40320 30240 70560 50400 90720 100800 20160 80640 10080 20160 50400 80640 40320 70560 10080 40320 20160 10080 30240 10080 80640 20160 90720 20160 20160 30240 10080 40320 90720 90720 20160 80640 40320 70560 60480 70560 70560 40320 70560 70560 80640 40320 50400 20160 90720 10080 10080 50400 60480 90720 60480 10080 70560 90720 30240 40320 10080 40320 80640 90720 20160 30240 60480 20160 20160 10080 50400 30240 60480 70560 50400 100800 40320 40320 50400 40320 10080 60480 10080 30240 20160 10080 80640 80640 40320 40320 100800 70560 50400 40320 40320 60480 40320 50400 80640 60480 50400 10080 60480 80640 20160 40320 60480 20160 90720 100800 90720 10080 60480 20160 20160 50400 30240 100800 100800 100800 90720 40320 20160 20160 10080 100800 70560 20160 10080 50400 40320 30240 100800 30240 10080 60480 10080 60480 60480 60480 20160 90720 80640 70560 100800 60480 70560 90720 30240 10080 30240 50400 40320 80640 70560 100800 80640 30240 80640 10080 40320 80640 40320 60480 40320 60480 80640 30240 30240 80640 20160 20160 30240 30240 100800 20160 40320 20160 20160 30240 60480 20160 30240 100800 70560 90720 40320 30240 40320 10080 20160 50400 50400 60480 50400 90720 10080 100800 10080 80640 70560 30240 90720 40320 60480 20160 90720 100800 60480 20160 50400 70560 30240 40320 80640 30240 20160 50400 100800 80640 100800 70560 30240 10080 30240 100800 40320 100800 70560 10080 40320 30240 100800 100800 50400 90720 40320 20160 20160 80640 70560 80640 50400 50400 30240 50400 90720 60480 90720 10080 70560 40320 80640 60480 70560 70560 100800 20160 70560 70560 50400 10080 10080 20160 20160 100800 80640 40320 80640 50400 80640 70560 20160
M
 15 9 15 8 10 11 12 10 8 12 13 8 10 11 10 10 11 10 13 13 11 16 12 12 12 15 13 12 12 8 14 13 13 16 8 12 10 9 13 15 12 16 9 15 11 12 14 10 15 14 15 11 13 10 13 13 12 8 11 9 10 9 8 15 9 9 11 15 9 13 16 16 16 13 10 11 10 14 13 8 16 12 9 16 13 8 16 13 16 11 11 14 8 16 13 8 10 9 8 11 10 15 16 8 16 11 10 11 15 10 10 11 15 12 16 13 13 14 16 11 13 9 10 11 16 9 14 12 14 9 15 11 11 13 10 16 16 9 11 8 15 10 12 8 12 8 14 12 14 12 11 8 13 13 8 10 15 15 15 10 11 16 10 15 16 8 8 8 8 10 13 10 11 14 14 16 14 13 14 12 11 14 15 8 16 14 12 11 8 9 8 14 13 10 16 15 11 10 8 12 13 15 15 11 14 14 14 13 13 12 8 14 12 10 13 9 16 15 15 10 14 8 8 13 9 11 8 13 15 14 11 11 14 14 10 9 15 16 12 10 13 13 12 8 14 15 10 13 16 10 10 16 10 15 14 16 15 13 10 15 8 10 13 8 13 14 8 11 11 8 9 14 8 8 14 13 11 13 8 8 8 8 14 13 16 16 12 10 16 9 14 12 8 13 9 14 13 14 13 14 12 16 15 8 12 8 16 9 8 11 13 8 14 15 15 9 10 11 10 9 9 11 10 11 11 13 15 13 15 8 14 12 10 9 14 13 11 12 11 15 12 9 13 9 13 13 11 11 9 11 10 16 15 13 11 12 12 16 10 12 8 15 10 14 9 13 15 13 12 12 10 9 15 14 10 13 9 12 10 10 8 12 9 8 9 8 10 16 11 8 11 14 13 10 16 8 8 15 13 16 16 9 14 16 12 10 12 12 11 9 8 15 12 8 9 15 16 10 11 13 16 9 15 16 12 8 13 8 9 12 9 13 13 12 13 15 8 10 11 16 15 8 9 15 9 9 12 11 12 14 13 16 15 14 11 8 8 8 15 8 11 15 11 11 9 16 15 9 8 13 11 16 15 10 14 14 14 10 9 13 16 10 13 9 10 13 14 8 10 10 16 9 16 11 16 13 11 15 12 13
