## - cloud resource specifications
numberOfClouds 
 3
packagename
 m3.medium m3.large m3.xlarge m3.2xlarge c3.large c3.xlarge c3.2xlarge c3.4xlarge c3.8xlarge r3.large r3.xlarge r3.2xlarge r3.4xlarge r3.8xlarge i2.xlarge i2.2xlarge i2.4xlarge i2.8xlarge n1-standard-1 n1-standard-2 n1-standard-4 n1-standard-8 n1-standard-16 n1-highcpu-2 n1-highcpu-4 n1-highcpu-8 n1-highcpu-16 n1-highmem-2 n1-highmem-4 n1-highmem-8 n1-highmem-16 A0 A1 A2 A3 A4 A5 A6 A7 D1 D2 D3 D4 D11 D12 D13 D14 A10 A11
package
 18 13 18
Gflops
 190 380 760 1520 426 852 1704 3408 6816 380 760 1520 3040 6080 760 1520 3040 6080 159 317 634 1268 2536 317 634 1268 2536 317 634 1268 2536 168 168 335 670 1340 670 1340 2680 335 670 1340 2680 670 1340 2680 5360 3040 6080
ram
 3.75 7.5 15 30 3.75 7.5 15 30 60 15.25 30.5 61 122 244 30.5 61 122 244 3.75 7.5 15 30 60 1.8 3.6 7.2 14.4 13 26 52 104 0.75 1.75 3.5 7.0 14.0 14.0 28.0 56.0 3.5 7.0 14.0 28.0 14.0 28.0 56.0 112.0 56.0 112.0
disk
 4.0 32.0 80.0 160.0 32.0 80.0 160.0 320.0 640.0 32.0 80.0 160.0 320.0 640.0 800.0 1600.0 3200.0 6400.0 100.0 250.0 500.0 750.0 1000.0 250.0 500.0 750.0 1000.0 250.0 500.0 750.0 1000.0 20.0 70.0 135.0 285.0 605.0 135.0 285.0 605.0 50.0 100.0 200.0 400.0 100.0 200.0 400.0 800.0 382.0 382.0
locationProvider
 7 3 8
locationID
 1 1 2 2 3 4 5 1 2 3 1 2 2 3 3 4 4 5
priceOS0
 0.07 0.14 0.28 0.56 0.105 0.21 0.42 0.84 1.68 0.175 0.35 0.7 1.4 2.8 0.853 1.705 3.41 6.82 0.077 0.154 0.308 0.616 0.12 0.239 0.478 0.956 1.912 0.195 0.39 0.78 1.56 3.12 0.938 1.876 3.751 7.502 0.077 0.154 0.308 0.616 0.12 0.239 0.478 0.956 1.912 0.195 0.39 0.78 1.56 3.12 0.938 1.876 3.751 7.502 0.083 0.166 0.332 0.665 0.129 0.258 0.516 1.032 2.064 0.21 0.421 0.842 1.684 3.369 1.013 2.026 4.051 8.102 0.098 0.196 0.392 0.784 0.132 0.265 0.529 1.058 2.117 0.21 0.42 0.84 1.68 3.36 1.018 2.035 4.07 8.14 0.101 0.203 0.405 0.81 0.128 0.255 0.511 1.021 2.043 0.21 0.42 0.84 1.68 3.36 1.001 2.001 4.002 8.004 0.098 0.196 0.392 0.784 0.132 0.265 0.529 1.058 2.117 0.21 0.42 0.84 1.68 3.36 1.018 2.035 4.07 8.14 0.122 0.255 0.510 1.521 2.924 0.275 0.550 1.601 3.084 0.237 0.474 1.449 2.780 0.126 0.263 0.526 1.553 2.988 0.285 0.570 1.641 3.164 0.243 0.486 1.473 2.828 0.126 0.263 0.526 1.553 2.988 0.285 0.570 1.641 3.164 0.243 0.486 1.473 2.828 0.02 0.06 0.12 0.24 0.48 0.25 0.5 1.0 0.094 0.188 0.376 0.752 0.238 0.476 0.857 1.542 1.16 2.08 0.02 0.06 0.12 0.24 0.48 0.248 0.496 0.992 0.094 0.188 0.376 0.752 0.238 0.476 0.857 1.542 1.33 2.39 0.02 0.06 0.12 0.24 0.48 0.27 0.54 1.08 0.115 0.23 0.46 0.92 0.273 0.546 0.983 1.769 1.33 2.39 0.02 0.06 0.12 0.24 0.48 0.294 0.588 1.176 0.138 0.276 0.552 1.104 0.295 0.59 1.062 1.912 1.51 2.7 0.02 0.06 0.12 0.24 0.48 0.27 0.54 1.08 0.12 0.24 0.48 0.96 0.256 0.512 0.922 1.659 1.33 2.39 0.024 0.081 0.162 0.324 0.648 0.281 0.562 1.124 0.142 0.284 0.568 1.136 0.295 0.59 1.062 1.912 1.51 2.7 0.021 0.073 0.146 0.292 0.584 0.258 0.516 1.032 0.123 0.246 0.492 0.984 0.256 0.512 0.922 1.659 1.33 2.39 0.029 0.071 0.142 0.284 0.568 0.278 0.556 1.112 0.12 0.239 0.478 0.956 0.256 0.512 0.922 1.66 1.33 2.39
priceOS1
 0.133 0.266 0.532 1.064 0.188 0.376 0.752 1.504 3.008 0.3 0.6 1.08 1.944 3.5 0.973 1.946 3.891 7.782 0.133 0.266 0.532 1.064 0.188 0.376 0.752 1.504 3.008 0.3 0.6 1.08 1.944 3.5 0.973 1.946 3.891 7.782 0.14 0.28 0.56 1.12 0.188 0.376 0.752 1.504 3.008 0.33 0.652 1.173 2.111 3.8 1.058 2.116 4.232 8.464 0.146 0.292 0.584 1.169 0.212 0.424 0.848 1.696 3.392 0.335 0.671 1.222 2.228 4.069 1.133 2.267 4.532 9.064 0.161 0.322 0.644 1.288 0.238 0.477 0.935 1.906 3.813 0.323 0.646 1.192 2.447 4.6 1.169 2.337 4.674 9.348 0.151 0.302 0.603 1.206 0.231 0.462 0.925 1.849 3.699 0.31 0.62 1.219 2.276 4.25 1.113 2.226 4.451 8.903 0.161 0.322 0.644 1.288 0.238 0.477 0.935 1.906 3.813 0.323 0.646 1.192 2.447 4.6 1.169 2.337 4.674 9.348 0.102 0.215 0.430 0.801 1.484 0.235 0.470 0.881 1.644 0.197 0.394 0.729 1.340 0.106 0.223 0.446 0.833 1.548 0.245 0.490 0.921 1.724 0.203 0.406 0.753 1.388 0.106 0.223 0.446 0.833 1.548 0.245 0.490 0.921 1.724 0.203 0.406 0.753 1.388 0.02 0.09 0.18 0.36 0.72 0.33 0.66 1.32 0.171 0.342 0.684 1.368 0.403 0.806 1.451 2.611 1.64 3.04 0.02 0.09 0.18 0.36 0.72 0.3 0.6 1.2 0.159 0.318 0.636 1.272 0.366 0.732 1.318 2.372 1.89 3.5 0.02 0.09 0.18 0.36 0.72 0.34 0.68 1.36 0.183 0.366 0.732 1.464 0.421 0.842 1.516 2.728 1.89 3.5 0.02 0.09 0.18 0.36 0.72 0.36 0.72 1.44 0.224 0.448 0.896 1.792 0.453 0.906 1.631 2.935 2.13 3.95 0.02 0.09 0.18 0.36 0.72 0.32 0.64 1.28 0.195 0.39 0.78 1.56 0.394 0.788 1.418 2.553 1.89 3.5 0.024 0.106 0.212 0.424 0.848 0.35 0.7 1.4 0.211 0.422 0.844 1.688 0.436 0.872 1.57 2.825 2.13 3.95 0.021 0.095 0.19 0.38 0.76 0.31 0.62 1.24 0.183 0.366 0.732 1.464 0.378 0.756 1.361 2.449 1.89 3.5 0.029 0.113 0.226 0.452 0.904 0.349 0.698 1.396 0.196 0.393 0.786 1.571 0.394 0.788 1.419 2.554 1.89 3.5
# - client 2 requirements:
N
500
Tf
 3 2 5 3 2 4 3 5 4 3 5 5 5 3 4 4 4 2 4 3 5 4 5 2 3 4 4 3 3 5 4 2 4 5 4 3 5 2 3 3 2 4 5 2 4 2 5 3 2 4 4 4 5 2 5 3 3 3 4 4 4 4 4 4 5 3 4 4 2 5 4 2 2 2 2 4 5 3 2 4 5 4 2 4 5 3 2 4 3 3 2 4 2 4 2 2 3 5 4 5 5 2 5 3 3 2 4 5 3 3 3 3 4 5 2 4 4 2 2 2 2 5 3 3 2 4 2 3 3 5 3 5 4 3 5 4 2 3 2 2 5 4 2 5 3 5 4 3 2 2 5 4 5 2 5 4 3 4 2 5 2 4 5 2 3 4 5 3 4 5 5 3 2 2 3 3 5 5 4 5 3 5 3 3 3 3 3 4 3 2 5 3 2 2 5 2 2 2 3 4 3 4 4 4 3 5 3 4 3 2 5 4 3 4 3 4 2 3 3 2 2 5 4 4 4 4 5 3 5 2 3 3 4 4 5 5 2 3 5 5 2 2 3 2 3 2 3 4 5 4 5 4 2 4 4 3 3 5 5 4 5 4 3 2 3 2 5 2 2 4 5 5 4 4 3 2 5 4 4 4 3 3 5 5 4 4 4 2 5 5 4 2 3 5 3 4 2 5 5 3 4 5 2 2 5 2 3 5 2 5 5 3 2 3 3 2 3 4 5 5 3 5 2 4 3 3 4 2 4 5 2 3 3 4 2 3 5 2 5 4 2 4 5 2 2 4 2 2 3 3 5 2 2 2 2 2 4 3 2 2 2 3 4 5 5 2 3 2 3 5 5 2 4 5 3 2 5 5 2 2 4 3 4 5 2 5 3 2 2 5 3 2 2 3 3 4 2 3 2 2 2 5 5 2 2 4 2 3 2 3 4 5 2 4 5 3 3 5 4 5 4 4 5 3 5 2 3 5 5 5 4 5 5 2 4 4 3 5 4 5 2 2 4 5 2 3 3 5 5 2 4 5 4 4 2 2 4 5 3 4 5 2 5 2 5 3 2 2 5 3 4 4 3 4 2 2 4 2 4 3 2 3 5 3 2 5 2 4 5 5 5 2 3 3 5 2 4 5 3 4
C
 79.75 68.15 98.60 102.95 72.50 34.80 4.35 23.20 23.20 95.70 81.20 40.60 72.50 98.60 30.45 82.65 73.95 68.15 26.10 100.05 27.55 43.50 21.75 27.55 13.05 53.65 87.00 68.15 50.75 46.40 101.50 18.85 92.80 89.90 11.60 29.00 17.40 94.25 13.05 30.45 84.10 36.25 88.45 102.95 7.25 72.50 10.15 79.75 82.65 46.40 20.30 97.15 37.70 55.10 36.25 40.60 23.20 91.35 60.90 91.35 27.55 52.20 88.45 47.85 8.70 17.40 24.65 58.00 29.00 17.40 34.80 97.15 97.15 8.70 21.75 76.85 24.65 56.55 68.15 26.10 75.40 56.55 95.70 40.60 75.40 47.85 95.70 52.20 21.75 11.60 17.40 18.85 31.90 33.35 79.75 5.80 39.15 49.30 49.30 84.10 23.20 36.25 68.15 27.55 60.90 53.65 47.85 82.65 34.80 27.55 30.45 71.05 53.65 36.25 39.15 53.65 55.10 47.85 68.15 104.40 46.40 5.80 44.95 39.15 66.70 24.65 18.85 27.55 39.15 39.15 50.75 75.40 59.45 63.80 60.90 46.40 95.70 97.15 62.35 4.35 15.95 15.95 40.60 94.25 52.20 73.95 14.50 97.15 62.35 30.45 94.25 102.95 46.40 36.25 15.95 20.30 37.70 31.90 69.60 20.30 63.80 34.80 59.45 68.15 44.95 89.90 27.55 88.45 72.50 92.80 58.00 82.65 59.45 21.75 30.45 71.05 76.85 46.40 68.15 14.50 104.40 34.80 5.80 49.30 101.50 7.25 39.15 92.80 56.55 87.00 89.90 30.45 91.35 10.15 59.45 43.50 47.85 71.05 78.30 47.85 87.00 14.50 21.75 10.15 92.80 76.85 95.70 104.40 89.90 8.70 60.90 60.90 13.05 44.95 44.95 23.20 14.50 58.00 66.70 7.25 14.50 91.35 68.15 75.40 39.15 87.00 42.05 20.30 39.15 73.95 55.10 43.50 13.05 8.70 20.30 17.40 60.90 52.20 49.30 65.25 47.85 81.20 27.55 52.20 56.55 97.15 39.15 37.70 17.40 30.45 23.20 58.00 13.05 26.10 56.55 27.55 58.00 39.15 88.45 11.60 68.15 15.95 4.35 29.00 26.10 76.85 63.80 75.40 13.05 91.35 92.80 59.45 58.00 5.80 68.15 24.65 65.25 69.60 79.75 27.55 20.30 21.75 52.20 10.15 58.00 46.40 15.95 92.80 2.90 30.45 71.05 24.65 95.70 8.70 31.90 52.20 72.50 18.85 78.30 89.90 95.70 42.05 47.85 79.75 11.60 82.65 8.70 20.30 47.85 60.90 30.45 23.20 42.05 68.15 88.45 34.80 44.95 95.70 46.40 82.65 24.65 55.10 23.20 82.65 24.65 2.90 76.85 26.10 69.60 7.25 94.25 66.70 29.00 100.05 79.75 49.30 23.20 8.70 44.95 60.90 29.00 102.95 88.45 71.05 63.80 39.15 8.70 23.20 78.30 72.50 15.95 27.55 34.80 42.05 91.35 2.90 30.45 100.05 4.35 98.60 23.20 58.00 89.90 68.15 15.95 21.75 82.65 30.45 17.40 81.20 33.35 58.00 17.40 66.70 33.35 29.00 62.35 36.25 85.55 47.85 75.40 92.80 11.60 11.60 26.10 97.15 40.60 33.35 75.40 5.80 71.05 91.35 14.50 60.90 85.55 89.90 18.85 42.05 24.65 18.85 95.70 100.05 31.90 82.65 73.95 37.70 98.60 63.80 59.45 42.05 73.95 69.60 55.10 78.30 7.25 2.90 50.75 34.80 82.65 84.10 62.35 20.30 87.00 88.45 26.10 65.25 47.85 85.55 102.95 24.65 104.40 43.50 49.30 65.25 10.15 91.35 11.60 20.30 39.15 104.40 26.10 72.50 101.50 71.05 78.30 84.10 97.15 46.40 60.90 29.00 7.25 59.45 33.35 30.45 65.25 62.35 8.70 53.65 85.55 102.95 65.25 8.70 20.30 69.60 31.90 53.65 97.15 18.85 75.40 37.70 59.45 66.70 49.30 5.80 20.30 81.20 14.50 60.90 43.50 31.90 76.85 89.90 81.20 94.25 58.00 26.10 55.10 21.75 23.20 34.80 100.05 53.65 94.25 82.65 97.15 20.30 97.15 13.05 10.15 69.60
LO
 5 3 5 2 4 4 3 4 5 5 4 4 5 1 1 4 1 0 2 5 5 2 0 5 2 3 1 4 1 4 4 5 2 1 3 5 0 0 1 5 3 1 4 3 4 2 4 1 1 1 0 2 0 4 3 3 1 1 3 5 0 3 1 0 5 5 0 0 4 3 2 1 4 5 1 4 3 2 5 3 1 1 5 3 2 0 1 1 2 2 3 2 0 4 1 4 0 2 2 0 5 2 3 2 3 5 3 5 3 3 2 0 1 4 5 3 1 5 4 4 5 4 3 2 5 4 0 5 3 0 5 5 4 0 4 3 3 4 2 5 3 2 3 1 5 3 3 2 2 1 0 3 2 4 2 3 0 4 4 4 3 4 4 2 2 4 4 2 2 0 0 0 3 5 2 1 0 4 5 1 4 2 1 5 4 3 0 3 3 3 4 5 5 1 1 5 3 0 4 4 3 3 0 2 4 5 1 3 1 1 1 0 0 1 3 1 1 5 1 2 0 4 1 1 1 5 4 1 4 4 4 4 2 2 4 1 0 3 2 0 2 5 4 2 5 1 2 4 3 0 4 2 5 4 4 1 0 4 4 4 1 5 1 0 3 4 3 5 2 1 5 4 2 0 2 5 4 1 4 1 3 1 1 5 1 5 4 0 2 2 3 1 0 0 2 3 2 1 3 0 0 5 2 5 4 1 5 0 1 3 0 5 4 0 4 5 0 2 5 2 1 0 3 0 1 4 2 1 4 1 0 0 2 2 3 2 0 5 5 4 1 5 0 0 2 3 3 2 5 0 4 3 4 3 3 3 4 1 3 3 1 1 3 5 1 5 1 0 5 1 1 1 2 0 4 3 2 1 2 4 5 1 0 0 1 1 3 0 0 1 2 0 5 5 0 5 3 2 4 0 5 0 5 3 2 3 1 2 4 1 2 3 3 5 3 4 5 0 5 1 5 5 2 1 4 4 5 0 3 4 4 2 5 1 5 0 1 3 2 4 4 1 0 5 2 5 5 0 3 4 4 2 0 4 1 1 4 4 0 4 5 0 4 5 3 0 0 2 0 4 0 5 0 1 1 2 0 0 3 5 2 0 4 5 0 0 4 5 4 1 4 1 1 4 3 4 1 5 0 5
D
 206 914 717 185 282 101 982 773 680 724 885 914 446 538 934 647 123 596 322 239 988 628 613 662 349 587 273 895 373 940 925 641 116 585 273 235 164 982 115 656 369 643 938 952 623 648 609 691 651 870 578 749 492 998 909 811 853 886 735 627 139 638 630 378 718 615 959 455 645 337 375 420 393 624 554 769 433 249 898 746 179 370 179 891 197 281 531 753 284 195 992 517 161 333 131 932 239 574 389 219 525 394 194 918 877 555 154 750 675 161 563 107 757 729 313 926 473 465 266 672 719 362 407 714 476 300 878 758 716 322 243 428 109 622 395 704 568 198 316 236 549 320 266 392 791 528 250 896 899 734 478 372 287 573 676 538 129 497 830 197 602 493 434 351 867 664 784 497 969 684 879 471 615 613 649 583 987 180 897 173 729 412 134 730 608 195 331 414 469 479 454 683 218 272 582 665 941 818 294 308 741 796 744 704 670 406 269 935 258 302 525 906 208 215 384 636 115 172 293 529 801 848 314 279 581 231 109 356 677 670 324 322 834 991 661 452 300 334 541 290 109 566 931 120 302 871 378 522 698 535 252 285 794 517 428 557 118 665 801 141 103 662 496 422 490 660 633 640 973 957 659 401 776 428 346 754 559 652 379 793 800 109 334 767 353 872 522 470 632 508 494 336 699 276 320 747 336 172 684 372 317 970 708 419 155 632 718 217 839 490 727 275 637 451 852 224 852 679 279 964 927 392 356 141 970 420 767 922 607 954 412 396 513 408 760 143 970 910 821 902 518 475 546 931 821 540 731 961 802 577 169 821 338 637 869 697 767 881 685 920 107 409 697 377 496 983 978 660 958 521 422 619 977 968 756 281 735 545 898 531 706 707 769 197 707 671 910 213 915 188 290 269 231 846 324 207 460 308 966 836 571 738 511 467 489 778 213 349 867 819 365 952 250 764 277 806 521 278 224 113 218 457 986 129 418 877 424 198 662 393 468 803 285 823 163 738 451 246 627 664 350 947 862 422 756 942 398 329 140 167 835 243 632 527 316 377 135 860 255 490 559 690 793 703 762 465 261 759 446 524 731 297 308 991 886 950 891 500 840 217 974 483 700 860 844 105 593 785 759 412 198 877 630 904 971 709 688 548 876 288
OS
 1 0 1 0 1 0 0 1 1 0 1 0 1 1 0 0 1 1 1 1 1 0 0 1 0 0 1 0 0 0 0 1 1 0 0 0 0 1 1 1 1 0 0 1 0 1 1 1 0 0 0 0 1 1 1 0 0 0 0 1 1 1 0 1 0 0 1 0 1 1 0 0 0 1 0 1 1 1 0 0 0 0 1 1 0 0 1 0 1 0 1 0 0 1 0 0 1 1 1 1 1 0 0 1 1 1 0 1 1 0 0 1 1 1 0 0 0 1 1 1 1 1 0 1 0 1 0 0 0 0 1 0 0 1 0 0 0 1 0 0 0 1 0 0 0 1 1 0 1 0 1 0 1 1 1 1 0 0 1 1 1 0 0 0 0 1 1 1 0 0 0 0 1 0 1 1 1 0 1 1 0 0 0 0 1 1 1 0 0 1 0 1 1 1 1 0 1 0 1 0 0 0 1 1 1 0 0 0 0 0 0 0 0 1 1 0 1 1 0 1 1 1 1 1 1 1 1 1 1 1 0 1 0 0 0 0 0 0 1 0 0 0 1 0 1 1 1 1 1 1 1 1 0 0 0 1 0 0 0 1 0 0 1 0 0 1 1 1 0 1 0 1 1 0 0 0 1 1 1 0 0 1 0 0 0 1 0 1 1 0 1 1 0 0 1 1 0 0 0 0 0 0 1 1 0 0 1 1 1 0 0 1 1 0 1 0 0 1 1 1 1 1 0 0 0 1 1 0 0 1 1 0 1 1 0 0 0 1 0 1 1 1 0 1 0 1 1 0 0 0 1 1 0 0 0 0 0 1 1 1 1 1 0 0 0 1 1 1 0 1 0 1 0 0 1 0 0 0 1 0 0 0 1 0 1 1 1 0 0 1 0 1 1 1 1 1 0 1 1 0 1 1 1 0 1 1 0 1 1 0 0 0 0 0 0 0 0 0 0 0 0 1 0 1 0 0 0 0 1 1 1 1 0 0 1 1 0 1 0 1 1 1 1 0 1 0 0 1 0 0 0 1 1 0 0 1 1 0 0 0 1 0 0 1 1 1 0 1 0 0 1 0 0 1 1 1 1 1 0 1 1 1 0 1 1 0 1 0 1 0 1 0 0 1 0 0 1 1 0 1
F
 33193440 28294560 40934880 42850080 29746080 14323680 1582560 9414720 9515520 39755520 33737760 16712640 30048480 40975200 12358080 34161120 30572640 27851040 10332000 41569920 11329920 17589600 8598240 11017440 5181120 22176000 35985600 28254240 20815200 18980640 41882400 7570080 38203200 37487520 4707360 11884320 6985440 38717280 5402880 12277440 34786080 14696640 36529920 42497280 3003840 30078720 3911040 32790240 34191360 19252800 8134560 40350240 15523200 22770720 14535360 16823520 9142560 37699200 24927840 38062080 11037600 21389760 36792000 19857600 3477600 7015680 9787680 24081120 11894400 7176960 14444640 40118400 39977280 3618720 8981280 31963680 9787680 23476320 27891360 10321920 31348800 23204160 39352320 16823520 31167360 19776960 39533760 21288960 8981280 4485600 6693120 7842240 13104000 13628160 33092640 2076480 15976800 20462400 20059200 34977600 9192960 15029280 28334880 11481120 24917760 22024800 19918080 34080480 14263200 10956960 12680640 29070720 22155840 14706720 16117920 21913920 22579200 19353600 28092960 43102080 18930240 2147040 18617760 16107840 27226080 9828000 7529760 11400480 15755040 15986880 20926080 31046400 24514560 26520480 24816960 19020960 39805920 40451040 25522560 1784160 6562080 6199200 16642080 38898720 21742560 30310560 5544000 40481280 25532640 12549600 38767680 42356160 18910080 14535360 6289920 8094240 15372000 12852000 28848960 8205120 26076960 14021280 24756480 28274400 18577440 37134720 11400480 36499680 29907360 38283840 24121440 33969600 24403680 8900640 12106080 29544480 31953600 19252800 28355040 5947200 43172640 14283360 1854720 20311200 42084000 2862720 15825600 38384640 23234400 35693280 37023840 12378240 37880640 3850560 24766560 18123840 19726560 29292480 32588640 19797120 35723520 5866560 8860320 3870720 38394720 31893120 39513600 43031520 36943200 3286080 25139520 24827040 5261760 18355680 18355680 9555840 6027840 23960160 27266400 2429280 5685120 37880640 28062720 31096800 15835680 35894880 17115840 8164800 16198560 30270240 22831200 17922240 5060160 3114720 8265600 7217280 25320960 21591360 20039040 26611200 19887840 33304320 11088000 21389760 23103360 40068000 16158240 15170400 7116480 12428640 9475200 24050880 4868640 10856160 23224320 11420640 24171840 15886080 36338400 4475520 27891360 6451200 1562400 11854080 10684800 31812480 26036640 31227840 5342400 37759680 38445120 24544800 23839200 1834560 27931680 10059840 26792640 28909440 32659200 11017440 7882560 8568000 21470400 3749760 24071040 19101600 6481440 38273760 856800 12428640 29373120 9898560 39392640 3457440 13255200 21178080 29846880 7459200 32165280 37185120 39785760 17408160 19615680 32951520 4828320 33949440 3538080 8074080 19908000 25008480 12196800 9586080 17166240 28304640 36318240 14374080 18305280 39533760 18879840 34161120 9999360 22821120 9142560 34382880 10241280 796320 31560480 10372320 28637280 2540160 39160800 27760320 11844000 41680800 33112800 20361600 9525600 3144960 18416160 25351200 11712960 42769440 36469440 29282400 26520480 15744960 3528000 9213120 32124960 30048480 6441120 11088000 14484960 17146080 37537920 776160 12660480 41277600 1219680 41005440 9626400 23768640 37346400 28052640 6511680 8820000 34272000 12600000 7005600 33304320 13739040 24181920 6874560 27256320 13376160 11934720 25492320 14938560 35380800 19585440 30854880 38304000 4435200 4626720 10533600 40400640 16873920 13537440 31177440 2328480 29302560 37709280 5866560 24937920 35673120 37265760 7368480 17015040 10100160 7549920 39463200 41196960 13224960 34261920 30371040 15634080 40955040 26560800 24433920 17297280 30502080 28889280 22710240 32104800 2731680 1078560 20643840 14313600 33919200 34705440 25512480 8356320 36197280 36701280 10866240 26943840 19464480 35552160 42547680 9717120 43505280 17619840 20039040 27004320 3638880 37558080 4495680 8316000 15865920 43041600 10362240 29736000 42315840 29221920 32155200 34856640 40461120 19202400 25099200 11712960 2640960 24292800 13769280 12499200 26913600 25512480 3326400 22024800 35330400 42608160 27074880 3447360 8346240 28677600 12892320 22186080 40269600 7781760 31237920 15402240 24575040 27236160 20432160 2187360 8134560 33274080 5644800 25391520 17670240 13235040 31560480 37033920 33405120 39291840 23919840 10876320 22871520 8940960 9293760 14011200 41721120 22256640 38939040 34251840 40360320 7872480 39997440 5312160 3951360 28909440
M
 3 4 3 4 1 3 4 2 1 2 2 4 2 4 3 4 3 1 2 3 2 2 2 2 2 1 2 2 3 2 2 1 4 3 2 1 3 3 3 3 3 2 1 1 4 3 3 4 3 2 1 1 3 3 1 2 4 1 3 4 1 3 3 4 3 1 1 3 2 2 2 2 1 4 1 4 3 2 1 1 3 1 2 1 1 3 1 4 3 3 4 2 4 2 4 2 1 1 1 1 3 2 4 3 2 1 3 3 4 3 1 3 3 1 4 4 1 4 4 1 3 2 3 2 4 4 2 1 4 3 3 3 3 2 3 1 4 3 2 1 3 4 2 2 1 2 4 1 3 1 4 1 1 2 2 1 3 2 2 1 3 3 4 1 4 2 1 4 1 4 4 4 3 2 3 2 2 1 3 3 3 3 1 4 2 4 3 2 1 3 4 3 4 1 4 4 3 1 3 4 3 2 1 4 1 1 3 2 4 4 3 2 1 4 3 4 4 2 3 1 3 4 4 3 1 1 4 2 3 1 2 2 2 1 4 3 4 2 2 2 1 2 1 3 2 2 3 4 4 2 1 1 3 2 4 3 4 2 1 4 3 2 4 4 4 4 3 3 2 2 1 3 3 4 3 1 2 4 2 1 4 2 2 1 4 2 1 2 1 1 3 1 2 4 2 3 3 3 3 1 4 3 3 4 3 4 1 1 2 1 4 1 4 2 3 3 3 3 2 3 3 1 2 4 4 1 3 1 4 2 2 3 3 3 4 1 3 1 3 1 2 2 2 1 4 3 4 3 2 1 4 1 1 4 3 4 2 1 4 2 4 3 3 1 2 1 2 3 1 3 3 4 1 3 2 2 1 3 1 2 4 3 4 2 4 1 3 3 1 1 1 2 1 1 4 1 2 1 3 1 3 1 3 4 1 4 4 1 2 4 4 2 1 4 2 1 3 4 2 2 3 3 1 2 1 4 1 2 1 3 3 1 3 4 3 2 1 4 1 4 3 1 4 2 3 1 1 3 4 2 2 3 3 2 3 3 3 2 1 3 4 4 2 2 3 1 2 3 1 2 2 3 1 4 3 2 1 4 3 1 4 2 2 1 3 2 2 2 4 4 3 3 3 4 3 3 4 2 1 4
