## - cloud resource specifications
numberOfClouds 
 3
packagename
 m3.medium m3.large m3.xlarge m3.2xlarge c3.large c3.xlarge c3.2xlarge c3.4xlarge c3.8xlarge r3.large r3.xlarge r3.2xlarge r3.4xlarge r3.8xlarge i2.xlarge i2.2xlarge i2.4xlarge i2.8xlarge n1-standard-1 n1-standard-2 n1-standard-4 n1-standard-8 n1-standard-16 n1-highcpu-2 n1-highcpu-4 n1-highcpu-8 n1-highcpu-16 n1-highmem-2 n1-highmem-4 n1-highmem-8 n1-highmem-16 A0 A1 A2 A3 A4 A5 A6 A7 D1 D2 D3 D4 D11 D12 D13 D14 A10 A11
package
 18 13 18
Gflops
 190 380 760 1520 426 852 1704 3408 6816 380 760 1520 3040 6080 760 1520 3040 6080 159 317 634 1268 2536 317 634 1268 2536 317 634 1268 2536 168 168 335 670 1340 670 1340 2680 335 670 1340 2680 670 1340 2680 5360 3040 6080
ram
 3.75 7.5 15 30 3.75 7.5 15 30 60 15.25 30.5 61 122 244 30.5 61 122 244 3.75 7.5 15 30 60 1.8 3.6 7.2 14.4 13 26 52 104 0.75 1.75 3.5 7.0 14.0 14.0 28.0 56.0 3.5 7.0 14.0 28.0 14.0 28.0 56.0 112.0 56.0 112.0
disk
 4.0 32.0 80.0 160.0 32.0 80.0 160.0 320.0 640.0 32.0 80.0 160.0 320.0 640.0 800.0 1600.0 3200.0 6400.0 100.0 250.0 500.0 750.0 1000.0 250.0 500.0 750.0 1000.0 250.0 500.0 750.0 1000.0 20.0 70.0 135.0 285.0 605.0 135.0 285.0 605.0 50.0 100.0 200.0 400.0 100.0 200.0 400.0 800.0 382.0 382.0
locationProvider
 7 3 8
locationID
 1 1 2 2 3 4 5 1 2 3 1 2 2 3 3 4 4 5
priceOS0
 0.07 0.14 0.28 0.56 0.105 0.21 0.42 0.84 1.68 0.175 0.35 0.7 1.4 2.8 0.853 1.705 3.41 6.82 0.077 0.154 0.308 0.616 0.12 0.239 0.478 0.956 1.912 0.195 0.39 0.78 1.56 3.12 0.938 1.876 3.751 7.502 0.077 0.154 0.308 0.616 0.12 0.239 0.478 0.956 1.912 0.195 0.39 0.78 1.56 3.12 0.938 1.876 3.751 7.502 0.083 0.166 0.332 0.665 0.129 0.258 0.516 1.032 2.064 0.21 0.421 0.842 1.684 3.369 1.013 2.026 4.051 8.102 0.098 0.196 0.392 0.784 0.132 0.265 0.529 1.058 2.117 0.21 0.42 0.84 1.68 3.36 1.018 2.035 4.07 8.14 0.101 0.203 0.405 0.81 0.128 0.255 0.511 1.021 2.043 0.21 0.42 0.84 1.68 3.36 1.001 2.001 4.002 8.004 0.098 0.196 0.392 0.784 0.132 0.265 0.529 1.058 2.117 0.21 0.42 0.84 1.68 3.36 1.018 2.035 4.07 8.14 0.122 0.255 0.510 1.521 2.924 0.275 0.550 1.601 3.084 0.237 0.474 1.449 2.780 0.126 0.263 0.526 1.553 2.988 0.285 0.570 1.641 3.164 0.243 0.486 1.473 2.828 0.126 0.263 0.526 1.553 2.988 0.285 0.570 1.641 3.164 0.243 0.486 1.473 2.828 0.02 0.06 0.12 0.24 0.48 0.25 0.5 1.0 0.094 0.188 0.376 0.752 0.238 0.476 0.857 1.542 1.16 2.08 0.02 0.06 0.12 0.24 0.48 0.248 0.496 0.992 0.094 0.188 0.376 0.752 0.238 0.476 0.857 1.542 1.33 2.39 0.02 0.06 0.12 0.24 0.48 0.27 0.54 1.08 0.115 0.23 0.46 0.92 0.273 0.546 0.983 1.769 1.33 2.39 0.02 0.06 0.12 0.24 0.48 0.294 0.588 1.176 0.138 0.276 0.552 1.104 0.295 0.59 1.062 1.912 1.51 2.7 0.02 0.06 0.12 0.24 0.48 0.27 0.54 1.08 0.12 0.24 0.48 0.96 0.256 0.512 0.922 1.659 1.33 2.39 0.024 0.081 0.162 0.324 0.648 0.281 0.562 1.124 0.142 0.284 0.568 1.136 0.295 0.59 1.062 1.912 1.51 2.7 0.021 0.073 0.146 0.292 0.584 0.258 0.516 1.032 0.123 0.246 0.492 0.984 0.256 0.512 0.922 1.659 1.33 2.39 0.029 0.071 0.142 0.284 0.568 0.278 0.556 1.112 0.12 0.239 0.478 0.956 0.256 0.512 0.922 1.66 1.33 2.39
priceOS1
 0.133 0.266 0.532 1.064 0.188 0.376 0.752 1.504 3.008 0.3 0.6 1.08 1.944 3.5 0.973 1.946 3.891 7.782 0.133 0.266 0.532 1.064 0.188 0.376 0.752 1.504 3.008 0.3 0.6 1.08 1.944 3.5 0.973 1.946 3.891 7.782 0.14 0.28 0.56 1.12 0.188 0.376 0.752 1.504 3.008 0.33 0.652 1.173 2.111 3.8 1.058 2.116 4.232 8.464 0.146 0.292 0.584 1.169 0.212 0.424 0.848 1.696 3.392 0.335 0.671 1.222 2.228 4.069 1.133 2.267 4.532 9.064 0.161 0.322 0.644 1.288 0.238 0.477 0.935 1.906 3.813 0.323 0.646 1.192 2.447 4.6 1.169 2.337 4.674 9.348 0.151 0.302 0.603 1.206 0.231 0.462 0.925 1.849 3.699 0.31 0.62 1.219 2.276 4.25 1.113 2.226 4.451 8.903 0.161 0.322 0.644 1.288 0.238 0.477 0.935 1.906 3.813 0.323 0.646 1.192 2.447 4.6 1.169 2.337 4.674 9.348 0.102 0.215 0.430 0.801 1.484 0.235 0.470 0.881 1.644 0.197 0.394 0.729 1.340 0.106 0.223 0.446 0.833 1.548 0.245 0.490 0.921 1.724 0.203 0.406 0.753 1.388 0.106 0.223 0.446 0.833 1.548 0.245 0.490 0.921 1.724 0.203 0.406 0.753 1.388 0.02 0.09 0.18 0.36 0.72 0.33 0.66 1.32 0.171 0.342 0.684 1.368 0.403 0.806 1.451 2.611 1.64 3.04 0.02 0.09 0.18 0.36 0.72 0.3 0.6 1.2 0.159 0.318 0.636 1.272 0.366 0.732 1.318 2.372 1.89 3.5 0.02 0.09 0.18 0.36 0.72 0.34 0.68 1.36 0.183 0.366 0.732 1.464 0.421 0.842 1.516 2.728 1.89 3.5 0.02 0.09 0.18 0.36 0.72 0.36 0.72 1.44 0.224 0.448 0.896 1.792 0.453 0.906 1.631 2.935 2.13 3.95 0.02 0.09 0.18 0.36 0.72 0.32 0.64 1.28 0.195 0.39 0.78 1.56 0.394 0.788 1.418 2.553 1.89 3.5 0.024 0.106 0.212 0.424 0.848 0.35 0.7 1.4 0.211 0.422 0.844 1.688 0.436 0.872 1.57 2.825 2.13 3.95 0.021 0.095 0.19 0.38 0.76 0.31 0.62 1.24 0.183 0.366 0.732 1.464 0.378 0.756 1.361 2.449 1.89 3.5 0.029 0.113 0.226 0.452 0.904 0.349 0.698 1.396 0.196 0.393 0.786 1.571 0.394 0.788 1.419 2.554 1.89 3.5
# - client 2 requirements:
N
1000
Tf
 2 5 5 2 3 2 5 2 3 5 5 5 3 2 5 3 3 3 5 5 5 2 5 3 5 5 5 5 3 3 3 3 3 5 5 2 3 4 3 2 2 4 3 5 4 4 5 3 5 5 3 4 3 5 4 4 3 2 5 3 2 3 3 3 2 2 2 5 5 5 2 3 3 2 5 2 3 3 4 2 2 3 2 4 2 2 3 3 5 4 3 3 3 2 4 4 4 2 5 4 3 4 5 3 2 3 4 2 3 2 3 3 4 2 4 4 4 5 4 2 4 3 4 3 4 2 4 4 3 3 4 3 5 2 5 3 5 3 4 2 3 3 5 2 3 3 5 3 2 3 4 3 2 4 4 5 3 4 4 4 5 5 4 4 3 5 4 3 2 2 2 5 4 5 2 4 5 2 2 5 3 4 2 2 3 2 4 5 5 4 2 4 4 2 4 5 2 4 4 3 4 2 3 3 4 5 3 2 2 4 2 2 2 5 2 2 5 5 3 5 2 5 5 3 5 2 2 3 5 4 4 3 2 5 4 3 2 3 3 4 4 5 3 3 4 2 4 5 2 2 5 4 5 3 4 4 2 3 2 5 5 4 3 5 3 5 3 2 5 3 2 2 2 4 3 2 4 5 2 2 5 3 5 3 3 3 3 5 5 5 2 5 3 5 5 3 4 4 5 2 3 2 4 3 2 2 3 3 4 2 3 2 4 4 2 4 4 5 4 3 3 3 5 4 4 3 5 3 4 3 2 4 4 2 2 5 5 2 3 5 2 4 5 4 5 4 5 4 2 4 2 4 5 2 4 2 4 3 4 3 2 3 4 5 5 2 4 2 2 4 2 5 2 5 2 3 5 2 2 3 3 4 4 2 4 3 4 5 4 5 4 5 2 2 5 2 5 4 2 2 3 5 4 4 4 4 3 5 4 4 4 4 2 3 3 5 2 4 4 3 5 3 5 2 2 4 3 4 5 5 2 4 4 5 3 2 5 2 4 3 4 2 5 5 3 2 2 5 4 5 5 2 4 5 4 4 5 5 3 2 3 5 4 2 3 3 3 4 5 3 5 5 2 3 3 5 5 4 3 3 3 4 2 3 4 3 3 4 4 3 4 3 4 3 5 3 3 2 3 5 4 4 3 5 5 5 4 2 5 5 5 2 4 4 5 5 4 5 3 3 5 2 2 4 2 5 2 3 3 4 4 4 3 3 3 5 2 2 3 2 4 3 3 2 2 2 3 4 3 3 3 5 3 2 4 4 4 3 2 5 4 2 5 4 3 2 2 4 5 3 4 3 3 3 3 4 5 2 4 3 2 5 4 2 2 3 3 4 3 3 2 3 4 2 5 4 4 3 5 2 4 5 3 5 5 2 2 2 3 4 5 5 3 2 5 3 3 3 3 2 4 4 3 5 3 4 3 5 4 3 3 4 2 4 4 4 5 5 3 5 3 3 2 5 4 4 5 4 3 4 5 5 2 5 3 4 3 5 5 3 4 5 2 2 5 4 5 3 4 5 2 2 5 3 4 2 4 4 5 4 5 2 4 2 3 5 4 4 4 3 2 3 3 4 5 3 2 3 3 2 3 5 5 4 5 4 3 5 4 3 4 4 3 5 5 5 5 2 2 2 4 4 4 5 2 2 4 3 5 3 5 4 5 3 3 5 4 5 2 2 2 4 5 3 5 4 2 2 5 3 2 3 2 4 2 3 4 5 5 4 5 4 3 5 4 5 4 3 4 2 4 4 4 5 3 3 5 5 3 2 5 5 3 5 5 2 4 5 2 5 2 2 3 2 2 4 4 4 3 5 5 3 4 4 5 2 5 3 2 5 3 5 2 3 3 3 4 4 2 2 2 4 5 3 2 4 4 2 3 2 3 2 4 4 2 2 5 4 2 5 3 4 2 3 4 5 2 4 2 3 4 5 4 3 4 5 4 3 2 3 2 4 5 5 4 3 2 5 3 2 3 2 2 2 5 5 3 4 5 4 3 2 4 4 5 2 2 3 5 5 5 3 5 4 5 4 3 4 4 5 5 4 4 5 5 4 2 3 5 2 3 4 3 3 3 2 4 5 2 4 4 3 2 3 3 2 5 3 3 5 4 2 5 5 2 2 4 4 2 3 2 3 3 3 4 5 2 4 3 4 4 4 5 2 5 4 3 4 3 5 5 5 4 4 5 3 2 2 2 5 5 3 5 5 3 2 3 2 5 3 3 3 2 2 5 5 3 5 4 2 3 3 3 3 5 5 3 5 2 2
C
 79.75 30.45 36.25 8.70 18.85 55.10 95.70 43.50 81.20 21.75 71.05 18.85 63.80 46.40 85.55 44.95 4.35 40.60 100.05 44.95 27.55 97.15 100.05 43.50 62.35 94.25 18.85 58.00 69.60 36.25 7.25 23.20 26.10 42.05 43.50 63.80 23.20 39.15 69.60 17.40 15.95 97.15 62.35 98.60 68.15 101.50 29.00 4.35 43.50 76.85 73.95 92.80 56.55 29.00 39.15 14.50 62.35 11.60 94.25 73.95 71.05 21.75 27.55 31.90 59.45 24.65 40.60 17.40 42.05 53.65 81.20 100.05 97.15 66.70 91.35 102.95 44.95 52.20 33.35 26.10 73.95 39.15 40.60 31.90 43.50 75.40 66.70 89.90 14.50 85.55 5.80 81.20 5.80 50.75 104.40 59.45 81.20 43.50 59.45 27.55 79.75 37.70 14.50 23.20 66.70 63.80 20.30 55.10 98.60 23.20 11.60 44.95 27.55 21.75 85.55 58.00 20.30 58.00 13.05 84.10 82.65 85.55 78.30 79.75 69.60 72.50 30.45 81.20 46.40 15.95 59.45 89.90 71.05 62.35 7.25 72.50 78.30 92.80 58.00 39.15 91.35 71.05 79.75 4.35 75.40 50.75 31.90 102.95 5.80 52.20 52.20 62.35 73.95 100.05 98.60 44.95 84.10 68.15 29.00 47.85 78.30 89.90 98.60 60.90 62.35 47.85 66.70 11.60 24.65 102.95 91.35 101.50 31.90 91.35 79.75 30.45 31.90 87.00 85.55 63.80 50.75 2.90 18.85 58.00 10.15 34.80 85.55 85.55 26.10 98.60 101.50 52.20 76.85 23.20 33.35 24.65 100.05 11.60 36.25 4.35 73.95 29.00 76.85 43.50 101.50 88.45 91.35 72.50 37.70 20.30 94.25 2.90 2.90 27.55 56.55 17.40 92.80 95.70 84.10 81.20 34.80 71.05 8.70 92.80 81.20 98.60 34.80 66.70 2.90 21.75 56.55 27.55 30.45 89.90 15.95 29.00 27.55 55.10 37.70 14.50 59.45 81.20 20.30 68.15 62.35 79.75 8.70 24.65 59.45 78.30 14.50 10.15 10.15 53.65 4.35 75.40 42.05 27.55 8.70 8.70 23.20 47.85 13.05 82.65 104.40 87.00 87.00 11.60 46.40 10.15 43.50 101.50 91.35 104.40 94.25 104.40 60.90 78.30 58.00 84.10 78.30 56.55 58.00 33.35 94.25 84.10 18.85 50.75 88.45 63.80 17.40 30.45 10.15 63.80 29.00 104.40 46.40 24.65 14.50 21.75 43.50 21.75 2.90 94.25 33.35 8.70 26.10 49.30 42.05 56.55 36.25 79.75 17.40 62.35 40.60 92.80 88.45 2.90 14.50 4.35 94.25 98.60 65.25 33.35 39.15 79.75 8.70 11.60 11.60 55.10 84.10 73.95 65.25 14.50 15.95 5.80 89.90 58.00 98.60 20.30 34.80 89.90 84.10 4.35 75.40 15.95 26.10 34.80 42.05 29.00 58.00 30.45 91.35 58.00 26.10 71.05 78.30 104.40 81.20 18.85 10.15 85.55 94.25 24.65 104.40 58.00 72.50 58.00 87.00 47.85 29.00 27.55 23.20 15.95 55.10 56.55 79.75 101.50 60.90 60.90 104.40 26.10 15.95 69.60 56.55 36.25 89.90 13.05 17.40 69.60 69.60 98.60 23.20 52.20 101.50 26.10 13.05 78.30 42.05 72.50 5.80 10.15 21.75 30.45 27.55 24.65 76.85 2.90 7.25 20.30 60.90 71.05 4.35 84.10 75.40 71.05 43.50 78.30 20.30 53.65 40.60 95.70 17.40 78.30 24.65 87.00 66.70 26.10 27.55 34.80 69.60 10.15 34.80 14.50 69.60 26.10 30.45 65.25 29.00 43.50 91.35 76.85 89.90 85.55 36.25 50.75 30.45 11.60 78.30 33.35 73.95 65.25 24.65 84.10 87.00 65.25 47.85 8.70 100.05 21.75 7.25 33.35 17.40 56.55 18.85 94.25 87.00 40.60 36.25 31.90 58.00 27.55 55.10 50.75 33.35 49.30 78.30 13.05 78.30 59.45 15.95 56.55 52.20 92.80 17.40 30.45 79.75 68.15 31.90 43.50 36.25 15.95 87.00 84.10 82.65 104.40 4.35 52.20 37.70 66.70 43.50 89.90 14.50 76.85 95.70 50.75 100.05 72.50 87.00 75.40 53.65 29.00 27.55 75.40 24.65 15.95 42.05 42.05 26.10 4.35 8.70 49.30 100.05 49.30 98.60 63.80 85.55 26.10 91.35 102.95 79.75 72.50 69.60 30.45 100.05 44.95 91.35 34.80 47.85 81.20 100.05 36.25 92.80 104.40 65.25 58.00 68.15 47.85 56.55 97.15 78.30 55.10 76.85 20.30 13.05 4.35 98.60 53.65 46.40 79.75 40.60 88.45 18.85 78.30 14.50 100.05 82.65 10.15 37.70 4.35 94.25 95.70 18.85 88.45 42.05 101.50 97.15 87.00 20.30 37.70 102.95 2.90 98.60 11.60 30.45 13.05 104.40 69.60 36.25 13.05 44.95 52.20 24.65 47.85 13.05 47.85 52.20 78.30 95.70 8.70 63.80 58.00 55.10 92.80 15.95 79.75 60.90 8.70 58.00 34.80 60.90 40.60 53.65 44.95 52.20 42.05 71.05 92.80 95.70 42.05 63.80 92.80 13.05 47.85 102.95 104.40 68.15 102.95 10.15 8.70 43.50 98.60 30.45 26.10 39.15 63.80 52.20 84.10 42.05 84.10 100.05 82.65 10.15 10.15 29.00 8.70 84.10 76.85 73.95 23.20 8.70 47.85 66.70 8.70 65.25 91.35 95.70 56.55 24.65 2.90 29.00 46.40 43.50 62.35 47.85 5.80 76.85 29.00 104.40 84.10 63.80 33.35 60.90 29.00 84.10 42.05 91.35 40.60 18.85 76.85 92.80 58.00 94.25 4.35 33.35 98.60 55.10 29.00 23.20 7.25 24.65 18.85 55.10 29.00 100.05 29.00 58.00 92.80 91.35 34.80 7.25 27.55 39.15 10.15 92.80 104.40 59.45 104.40 82.65 47.85 5.80 27.55 58.00 30.45 10.15 81.20 52.20 2.90 69.60 33.35 65.25 11.60 79.75 102.95 29.00 62.35 14.50 69.60 14.50 2.90 10.15 91.35 17.40 62.35 7.25 40.60 5.80 30.45 92.80 36.25 58.00 10.15 97.15 94.25 10.15 42.05 4.35 13.05 63.80 69.60 59.45 53.65 24.65 52.20 7.25 58.00 31.90 87.00 76.85 31.90 52.20 11.60 84.10 42.05 20.30 2.90 60.90 20.30 31.90 97.15 85.55 26.10 59.45 47.85 76.85 2.90 97.15 63.80 92.80 30.45 20.30 63.80 102.95 97.15 97.15 71.05 62.35 69.60 44.95 60.90 101.50 100.05 82.65 88.45 78.30 24.65 29.00 47.85 60.90 100.05 101.50 33.35 14.50 85.55 46.40 100.05 44.95 56.55 66.70 71.05 73.95 10.15 20.30 44.95 4.35 81.20 43.50 15.95 68.15 15.95 76.85 15.95 91.35 36.25 71.05 7.25 39.15 88.45 11.60 8.70 23.20 65.25 63.80 100.05 63.80 15.95 43.50 88.45 47.85 65.25 40.60 71.05 37.70 33.35 82.65 95.70 89.90 76.85 43.50 8.70 69.60 104.40 29.00 92.80 2.90 17.40 68.15 20.30 91.35 15.95 4.35 91.35 36.25 78.30 29.00 95.70 7.25 88.45 31.90 37.70 20.30 50.75 78.30 8.70 56.55 88.45 75.40 63.80 56.55 4.35 62.35 39.15 65.25 65.25 69.60 27.55 97.15 21.75 40.60 27.55 14.50 104.40 89.90 52.20 10.15 89.90 44.95 10.15 31.90 33.35 10.15 24.65 37.70 40.60 55.10 81.20 102.95 53.65 79.75 15.95 104.40 26.10 4.35 36.25 47.85 14.50 53.65 5.80 59.45 95.70 75.40 44.95 71.05 73.95 47.85 56.55 33.35 84.10 13.05 71.05 65.25 104.40 21.75 65.25 13.05 29.00 66.70 68.15 75.40 60.90 98.60 69.60 71.05 75.40 4.35 101.50 5.80 20.30 69.60 75.40 62.35 56.55 98.60 65.25 63.80 91.35 101.50 37.70 29.00 2.90 63.80 56.55 78.30 78.30 52.20 69.60 10.15 29.00 89.90 34.80 59.45 71.05 94.25 53.65 44.95 71.05 98.60 97.15 24.65 66.70 82.65 8.70 75.40 89.90 23.20 76.85 21.75 98.60 65.25 63.80 44.95 37.70 75.40 60.90 23.20 59.45 20.30 14.50 95.70 5.80
LO
 3 4 1 0 5 0 1 5 2 4 0 5 4 5 4 4 3 3 2 3 0 3 1 5 4 4 5 1 0 2 2 1 3 0 5 5 1 4 0 4 3 1 3 0 0 0 5 3 3 1 3 3 2 1 5 1 1 3 1 3 2 1 3 4 2 3 5 2 2 3 5 1 4 0 0 4 3 4 0 1 2 3 1 3 0 3 0 2 0 1 2 1 2 2 4 0 1 2 1 5 1 3 3 4 1 2 4 2 2 1 0 4 2 0 2 2 5 5 5 1 5 3 5 0 5 0 2 4 2 3 1 1 0 2 1 5 0 2 1 1 2 3 4 2 3 4 0 0 2 2 0 1 0 4 3 4 3 3 3 4 1 0 1 1 1 2 4 4 1 2 5 0 2 2 3 4 3 3 0 1 4 4 3 2 3 1 4 3 2 1 5 2 4 2 1 1 1 5 1 0 5 3 4 1 3 2 4 0 2 5 1 5 2 0 3 1 5 1 4 2 1 1 3 4 0 3 4 4 2 2 4 4 0 4 2 4 4 1 3 4 2 1 5 2 1 1 3 1 4 4 4 5 2 3 5 2 1 5 4 3 4 1 4 1 5 2 1 1 5 4 3 5 1 3 5 2 3 3 1 4 3 5 5 4 1 3 5 5 2 4 0 0 0 0 3 5 4 4 2 1 0 5 0 5 2 0 1 5 5 2 5 2 2 1 2 3 5 5 3 0 1 3 1 0 5 1 5 4 0 2 0 0 4 0 4 1 4 1 5 3 3 1 2 1 0 3 5 0 5 3 5 1 0 2 1 2 2 5 1 4 5 5 5 4 3 3 3 3 1 5 1 1 2 1 2 3 5 4 2 5 2 5 1 2 2 2 1 0 4 2 4 4 5 0 1 0 4 0 4 1 4 2 4 1 4 0 5 1 5 5 2 4 3 3 1 3 5 2 4 3 4 4 4 5 0 2 0 3 0 4 4 0 3 1 1 5 2 1 4 2 4 0 5 1 1 2 2 2 2 5 0 2 5 3 1 2 4 2 2 0 1 1 3 2 0 2 5 2 4 2 0 4 0 2 2 3 5 0 1 4 2 0 1 4 2 1 2 3 1 1 3 2 2 1 4 3 4 1 5 5 2 4 1 2 5 4 2 0 5 3 5 5 1 1 0 1 0 1 3 4 3 5 4 5 3 4 3 3 3 0 1 2 3 3 3 3 1 5 1 4 0 5 5 0 0 5 2 1 3 0 2 5 4 3 1 4 1 4 0 2 2 3 4 2 3 0 1 2 2 0 4 4 0 3 2 5 4 5 3 4 2 4 2 4 0 4 3 2 5 0 4 3 3 5 0 2 4 2 3 1 0 5 3 3 2 3 0 0 5 2 5 3 3 0 2 4 5 5 5 5 4 2 3 1 2 0 4 1 4 3 4 2 1 1 1 3 4 1 5 4 3 1 5 2 1 3 4 2 5 3 5 4 1 2 4 0 1 3 3 2 3 5 4 5 3 3 5 3 5 1 2 5 4 4 0 5 2 1 0 2 0 2 0 1 3 4 5 4 4 1 5 1 0 5 3 1 2 0 5 2 1 5 2 5 2 4 4 1 1 5 1 0 0 3 0 3 3 2 4 3 3 5 3 4 3 3 2 2 1 3 3 5 5 0 1 0 3 0 2 3 5 3 3 4 0 1 3 5 3 5 3 1 2 0 1 0 2 1 1 4 4 2 2 0 3 1 5 1 5 1 1 2 5 0 4 4 0 1 5 1 2 1 0 1 4 2 5 4 4 5 1 0 2 0 1 0 0 2 3 2 1 0 3 1 0 5 5 3 3 4 0 3 2 4 0 5 5 2 5 5 2 5 5 2 3 0 4 4 1 4 1 3 0 4 1 2 3 5 1 5 5 5 0 1 4 0 0 1 2 3 1 0 1 1 3 4 4 3 0 2 1 0 1 5 2 1 3 3 3 2 2 4 1 4 4 1 2 1 5 4 1 0 3 5 3 5 3 5 1 2 5 1 5 2 4 0 0 2 3 1 5 1 4 1 5 4 5 5 1 5 1 0 1 4 4 4 1 0 1 3 4 2 3 0 2 5 5 2 2 0 1 4 4 2 2 0 1 0 4 1 1 5 3 0 2 3 5 2 5 0 0 0 5 5 2 2 1 4 4 5 4 4 3 2 3 1 4 1 3 5 3 3 1 5 4 4 5 4 2 3 5 3 3 1 5 4 3 1 2 1 1 0 3 3 1 3 1 0 5 5
D
 826 127 488 302 280 195 895 773 150 170 421 491 466 795 595 488 604 207 712 938 862 987 774 558 329 105 976 509 565 263 504 448 206 175 651 451 204 837 911 418 724 287 548 478 426 834 786 766 986 634 750 145 457 760 513 362 562 510 826 424 348 673 302 908 162 452 700 991 420 948 581 402 831 426 876 746 605 622 355 441 708 269 846 885 136 626 179 831 925 518 252 809 254 272 589 647 384 279 176 785 469 315 464 913 122 126 844 191 205 359 921 539 513 804 945 605 526 240 775 857 252 926 240 772 629 350 862 502 938 783 991 171 936 730 927 437 296 407 870 664 129 355 244 856 452 798 871 281 517 199 747 922 575 562 431 674 552 679 225 686 920 117 272 514 640 459 403 956 583 726 981 689 887 968 122 805 811 721 616 545 960 788 375 636 163 350 488 221 280 374 732 855 647 161 364 437 772 196 164 441 261 485 607 207 236 992 908 728 696 149 180 944 184 341 211 890 989 954 387 204 250 964 194 213 480 386 287 474 676 957 227 682 474 848 499 149 344 248 310 120 902 567 280 297 151 985 108 412 575 293 830 719 786 609 218 654 165 863 490 813 272 204 271 909 168 268 702 131 855 948 416 507 569 952 837 461 277 509 717 533 966 224 537 639 700 736 700 620 825 223 109 525 730 375 103 105 299 837 945 869 305 935 691 122 234 151 293 650 990 328 180 163 894 170 234 819 866 212 896 725 871 613 958 400 974 611 322 496 1000 242 377 507 508 399 406 185 423 461 845 609 300 746 761 481 271 540 209 389 964 430 402 698 554 767 429 388 551 269 730 764 401 269 948 492 124 479 840 243 675 291 369 638 785 334 500 132 470 911 391 395 865 354 717 854 446 533 689 625 127 107 759 338 517 268 236 556 494 949 993 902 114 897 480 560 846 597 795 742 716 452 868 563 335 952 735 904 438 124 208 356 551 760 332 352 659 888 473 204 619 553 305 138 225 457 104 322 254 965 501 821 193 650 161 370 666 191 311 323 806 345 687 478 115 142 938 955 954 908 770 468 846 667 579 925 180 688 947 179 531 260 873 608 449 382 198 446 398 456 157 512 769 811 228 643 927 756 845 971 879 664 100 742 213 193 787 102 392 784 892 985 652 209 309 403 312 150 678 809 802 481 792 439 600 957 657 288 872 563 715 850 665 429 327 956 927 969 986 557 114 624 804 458 834 716 550 218 115 498 724 901 934 620 857 669 972 238 545 859 932 430 397 445 478 592 160 985 882 823 345 788 524 904 753 697 736 446 274 722 824 582 104 664 959 150 161 878 128 835 252 828 580 200 374 665 614 339 524 249 171 741 960 835 127 510 639 211 903 367 436 732 167 809 584 442 467 404 607 359 579 232 165 593 370 845 403 894 104 881 936 577 118 892 675 932 978 445 141 838 498 500 931 181 800 847 819 670 494 812 715 393 449 997 187 205 718 638 125 548 822 569 323 855 478 831 394 301 352 783 381 688 604 568 884 806 721 501 970 746 605 208 670 945 332 841 181 676 384 424 150 929 395 853 890 920 458 297 117 963 146 280 387 738 557 190 146 654 271 757 587 670 849 930 348 981 202 495 795 481 443 804 627 999 250 827 815 268 674 871 447 623 792 102 983 777 131 488 247 985 660 469 193 331 272 473 654 650 143 547 143 161 462 586 868 337 611 519 470 883 533 427 327 437 636 626 786 295 170 225 862 396 762 764 648 122 630 952 254 474 710 489 440 634 141 413 982 857 163 876 826 406 397 756 555 670 510 852 527 431 958 806 478 451 486 248 813 965 327 112 113 585 525 859 612 290 102 103 643 674 389 782 625 192 722 468 201 138 884 180 655 646 521 127 741 917 263 934 776 544 167 157 442 609 703 953 668 794 903 280 176 242 113 374 781 132 855 483 655 630 290 117 101 366 628 989 567 224 841 516 414 122 832 810 615 444 226 849 427 871 928 138 276 347 469 806 316 561 504 176 132 721 445 526 614 163 946 831 534 814 374 984 779 888 173 594 228 531 815 220 720 909 878 659 450 346 373 683 431 208 302 729 901 274 938 617 232 682 934 890 652 218 845 358 840 719 236 961 122 316 672 831 443 647 257 108 291 911 871 349 443 965 485 355 723 606 309 481 151 517 708 812 601 240 970 144 648 591 291 929 950 656 115 422 887 468 157 348 653 965 952 780 302 282 208 581 578 377 519 761 136 250 902 127 863 642 519 369 455 871 174 563 475 282 603 800 512 273 117 327 801 642
OS
 1 1 0 0 1 1 0 0 1 0 0 0 0 1 0 1 1 1 1 0 1 1 0 0 0 1 0 1 1 1 1 0 1 0 1 0 0 1 1 1 0 0 1 0 1 0 0 1 0 0 1 1 0 0 1 1 1 0 1 1 1 1 1 0 1 1 1 0 1 0 0 1 1 0 1 1 0 0 1 0 1 1 0 1 0 0 0 0 0 1 0 0 1 0 1 0 0 0 0 0 0 0 1 1 0 1 1 0 1 0 1 1 0 0 1 1 1 1 0 0 1 1 0 0 0 0 1 1 1 0 0 1 0 1 1 0 1 1 0 1 0 1 0 1 0 1 1 0 1 0 1 1 0 1 0 1 0 1 1 0 0 1 0 0 1 1 1 1 1 1 1 0 0 1 1 1 1 0 1 1 1 0 0 0 1 1 1 1 1 1 0 1 0 0 1 1 0 0 0 1 0 0 0 0 1 0 1 1 1 1 1 1 1 1 0 0 0 0 0 1 1 0 0 0 1 0 0 1 1 0 0 1 0 1 1 0 1 1 1 1 1 1 0 0 1 1 1 0 1 0 1 1 0 0 1 0 0 0 0 0 0 0 1 0 0 1 1 1 1 0 1 0 0 1 1 1 0 1 0 1 1 0 0 0 0 0 0 1 1 1 1 0 0 0 0 1 0 1 1 1 0 1 1 1 0 0 0 1 1 1 0 1 0 0 0 0 0 1 0 1 1 0 1 0 0 0 0 0 1 1 1 0 0 0 0 1 1 0 1 0 0 1 0 0 0 1 1 1 1 0 0 0 1 1 1 1 1 0 1 1 0 0 0 0 1 0 1 0 1 1 0 0 1 1 0 0 0 1 0 0 0 1 0 0 0 0 1 0 1 1 1 0 1 1 0 1 1 0 1 0 0 0 1 0 1 1 0 1 0 0 0 0 0 1 0 0 1 0 0 1 1 1 0 0 0 1 1 0 0 0 1 1 0 0 0 0 0 0 0 0 1 0 0 0 0 0 1 0 0 0 0 1 0 0 1 0 0 0 0 1 1 1 0 1 0 0 0 0 0 1 0 0 1 1 1 0 1 1 1 0 0 0 0 0 0 0 0 1 1 0 0 0 0 0 0 1 1 0 1 0 0 1 0 0 0 1 1 1 1 1 1 1 1 1 1 1 0 1 1 0 1 1 0 0 0 0 0 1 1 0 1 1 1 0 0 1 1 0 0 1 1 0 0 1 0 0 1 1 0 1 1 0 0 0 1 1 0 0 0 0 1 1 0 1 0 1 0 0 0 1 0 1 1 1 0 1 0 1 0 0 0 1 1 0 1 0 0 1 0 0 0 0 0 0 0 0 1 0 1 1 0 0 1 1 0 1 0 1 1 0 0 0 1 0 1 0 1 0 1 0 1 0 1 1 1 1 0 0 1 1 1 1 0 0 0 1 0 1 1 0 1 0 1 0 0 1 1 0 0 0 0 0 0 1 1 1 1 1 1 1 0 1 1 0 0 1 0 1 0 0 1 1 1 1 1 1 0 0 0 1 0 0 1 0 1 1 0 0 0 1 1 1 1 0 0 0 1 1 1 0 0 1 0 0 0 0 0 0 1 0 1 1 0 1 1 1 0 1 1 0 0 1 0 0 1 0 1 1 0 1 0 0 1 1 1 0 0 1 0 1 0 1 1 0 0 0 1 1 0 0 0 1 1 1 0 0 1 0 1 0 0 1 1 0 1 0 1 1 0 1 0 1 1 1 0 0 0 0 1 0 0 1 0 0 1 0 0 0 1 1 1 0 0 1 1 0 1 1 1 0 1 1 1 0 1 0 1 0 0 0 1 0 1 0 1 1 1 0 0 1 1 0 0 0 1 0 1 1 1 0 1 0 0 1 0 1 1 1 1 1 1 1 1 0 1 0 1 1 1 0 0 0 1 1 1 0 0 0 0 1 1 1 0 0 1 1 0 1 1 1 0 0 0 0 0 1 0 1 1 1 0 1 1 0 0 1 1 1 0 0 1 1 0 0 1 1 0 0 0 0 1 1 1 0 0 0 0 0 1 1 1 1 0 1 1 0 0 1 1 0 1 0 1 1 1 1 0 1 1 0 1 0 1 1 1 1 0 0 0 0 1 0 1 0 1 1 0 0 0 0 0 1 0 1 0 1 0 1 0 1 1 1 1 0 1 0 0 1 1 1 1 1 1 1 0 1 0 0 1 1 1 1 1 0 1 1 0 1 0 1 0 1 1 0 0 0 1 1 1 0
F
 33052320 12408480 14646240 3598560 7731360 22770720 39584160 18133920 33435360 8850240 29141280 7691040 26157600 18950400 35280000 18345600 1391040 16763040 41459040 18355680 11410560 39926880 41176800 17892000 25421760 39019680 7812000 23869440 28647360 14605920 2721600 9152640 10311840 16974720 17892000 26490240 9666720 16117920 28899360 6824160 6632640 40501440 25673760 41015520 28123200 42235200 11541600 1481760 18113760 31782240 30663360 38445120 23224320 11783520 15976800 5785920 25411680 4344480 38868480 30572640 29232000 8850240 11460960 12942720 24474240 9999360 16420320 7015680 17115840 21893760 33384960 41348160 39997440 27478080 37820160 42729120 18587520 21591360 13648320 10372320 30421440 16198560 16430400 12852000 17962560 31066560 27306720 37023840 5957280 35249760 2147040 33768000 2116800 21087360 43333920 24302880 33354720 17801280 24504480 11098080 32739840 15150240 5644800 9092160 27740160 26157600 8104320 22861440 40692960 9586080 4828320 18144000 11148480 8920800 35148960 23889600 8457120 24040800 5271840 35038080 34272000 35642880 32588640 32971680 28899360 29917440 12277440 33657120 19061280 6541920 24192000 37396800 29594880 25643520 2560320 29937600 32417280 38172960 24111360 16037280 37517760 29232000 32729760 1592640 31399200 20674080 13255200 42547680 2126880 21702240 21238560 25452000 30744000 41297760 40713120 18385920 34856640 28264320 11642400 19746720 32376960 37447200 40582080 25159680 25824960 19635840 27709920 4677120 10100160 42547680 37739520 42164640 13194720 37910880 32971680 12438720 12720960 35874720 35148960 26268480 20573280 816480 7348320 23708160 3729600 14071680 35673120 35612640 10735200 40965120 41983200 21248640 31580640 9666720 13749120 10261440 41519520 4445280 14626080 1733760 30320640 11833920 31489920 17932320 42013440 36570240 37517760 29746080 15714720 8426880 39231360 806400 846720 11208960 23143680 6763680 38576160 39896640 34806240 33485760 13920480 29171520 3608640 38404800 33647040 40713120 13980960 27276480 705600 8658720 23234400 11037600 12257280 36973440 6562080 11592000 11077920 22921920 15341760 5644800 24454080 33798240 8295840 28284480 25482240 32840640 3084480 9707040 24595200 32639040 5503680 3971520 4122720 21813120 1522080 31207680 16934400 11239200 3588480 3427200 9132480 19666080 5382720 34090560 43162560 36227520 36217440 4425120 19343520 3971520 17942400 42124320 37729440 43293600 39201120 43182720 24968160 32447520 23718240 34614720 32568480 23415840 23899680 13658400 38797920 34644960 7590240 20754720 36368640 26258400 7015680 12529440 3971520 26328960 11652480 43263360 19293120 10150560 5876640 8638560 18023040 8850240 887040 38777760 13880160 3407040 10634400 20170080 17498880 23304960 15099840 32921280 7056000 25593120 16642080 38535840 36761760 816480 5483520 1461600 39301920 40763520 26631360 13860000 15956640 33092640 3175200 4808160 4233600 22871520 34604640 30774240 27034560 5503680 6400800 1844640 37195200 23929920 40632480 8436960 14021280 37185120 34806240 1370880 31046400 6330240 10856160 14333760 17115840 11561760 23698080 12579840 37527840 23597280 10573920 29151360 32256000 43333920 33626880 7711200 4223520 35078400 38959200 9908640 43535520 23839200 29796480 24050880 35773920 19918080 11823840 11430720 9253440 6461280 22901760 23355360 32891040 42215040 25038720 25290720 42940800 10735200 6451200 28445760 23012640 14555520 37346400 5231520 7106400 28959840 28506240 40723200 9434880 21722400 42325920 10362240 5372640 32084640 17478720 30229920 2076480 4072320 8497440 12489120 11269440 9797760 32024160 725760 2903040 8265600 25240320 29050560 1643040 34554240 30996000 29141280 17902080 32467680 8174880 21853440 16632000 39574080 7056000 32366880 9878400 35824320 27336960 10513440 11430720 14041440 28879200 4092480 13980960 5544000 28859040 10805760 12519360 26661600 11823840 18063360 38062080 31963680 36912960 35350560 14666400 20744640 12166560 4566240 32276160 13819680 30703680 26661600 10241280 34624800 35975520 27024480 19645920 3467520 41549760 8699040 2509920 13507200 6844320 23093280 7408800 38949120 36096480 16531200 15059520 13164480 24050880 10967040 22649760 20795040 13527360 20200320 32417280 5211360 32205600 24292800 6310080 23446080 21702240 38636640 6814080 12116160 32971680 28264320 13104000 17690400 15069600 6199200 35723520 34665120 34443360 43535520 1391040 21581280 15533280 27427680 17579520 37275840 5695200 31620960 39604320 21087360 41207040 29695680 36076320 30945600 21833280 11854080 11460960 31036320 9717120 6108480 17015040 17297280 10342080 1612800 3104640 19968480 41489280 19988640 40531680 26439840 35511840 10614240 38041920 42910560 33143040 30189600 28506240 12277440 41690880 18224640 37548000 14343840 19938240 33495840 41469120 14988960 38556000 43303680 26984160 23728320 28294560 19887840 23153760 40259520 32558400 22538880 31973760 7953120 5231520 1501920 40874400 22095360 19323360 32689440 16763040 36610560 7459200 32467680 5675040 41700960 34140960 4122720 15341760 1260000 39070080 39755520 7801920 36741600 17246880 41771520 40219200 35985600 8003520 15513120 42789600 1179360 40743360 4475520 12277440 4848480 43182720 28748160 14515200 5211360 18194400 21520800 9928800 19585440 5181120 19726560 21329280 32145120 39674880 3185280 26147520 23990400 22468320 38545920 6118560 32850720 25028640 3286080 23637600 14182560 25099200 16440480 21893760 18154080 21349440 17004960 29473920 38112480 39564000 17196480 26298720 38465280 5292000 19897920 42749280 43323840 28405440 42678720 3780000 3528000 18083520 40632480 12539520 10483200 15744960 26419680 21480480 34725600 17357760 34765920 41328000 34181280 3870720 3709440 11612160 3588480 34554240 31993920 30542400 9334080 3558240 19424160 27508320 3376800 27074880 38092320 39886560 23012640 10029600 735840 12045600 19323360 18053280 25603200 19575360 2217600 32044320 11672640 43152480 35007840 26480160 13577760 25129440 11662560 34907040 17438400 37961280 16329600 7529760 31852800 38314080 24151680 39271680 1320480 13466880 40904640 22428000 11662560 9172800 2751840 9979200 7439040 22407840 11501280 41176800 12025440 24071040 38535840 37638720 14122080 2479680 10906560 15956640 4193280 38656800 43434720 24444000 43212960 34161120 19787040 2066400 10977120 23748480 12670560 3648960 33818400 21389760 917280 28778400 13779360 26873280 4818240 33012000 42719040 12085920 25976160 5654880 28717920 5947200 1128960 3860640 37719360 7237440 25633440 2741760 16763040 1915200 12579840 38505600 14837760 24171840 3729600 40057920 38848320 3991680 17004960 1461600 4868640 26570880 29020320 24333120 21994560 10019520 21601440 2882880 23889600 13164480 36167040 31903200 12720960 21692160 4445280 34786080 17398080 8285760 846720 24917760 8255520 12892320 40259520 35138880 10321920 24524640 19615680 31540320 776160 40360320 26248320 38132640 12388320 8316000 26409600 42456960 40239360 40098240 29453760 25754400 28748160 18627840 24907680 42084000 41297760 34009920 36499680 32366880 9787680 11833920 19434240 24867360 41489280 42325920 13860000 5644800 35532000 19343520 41660640 18244800 23375520 27226080 29322720 30824640 4142880 7932960 18305280 1774080 33747840 17730720 6441120 28284480 6501600 31923360 6168960 37749600 15029280 29433600 2731680 16238880 36358560 4394880 3286080 9072000 26873280 26359200 41459040 26248320 6592320 17539200 36519840 19837440 27185760 16521120 29413440 15220800 13628160 33909120 39584160 37285920 31872960 17781120 3084480 28627200 43092000 11531520 38616480 624960 6652800 28103040 8043840 37890720 6400800 1522080 37759680 14918400 32104800 11823840 39654720 2772000 36842400 12922560 15704640 8235360 21047040 32447520 3618720 23405760 36288000 31076640 26339040 23194080 1522080 25593120 16319520 27125280 26782560 28788480 11219040 40420800 8648640 16692480 11118240 6017760 43011360 37326240 21178080 4122720 37033920 18315360 4021920 12912480 13497120 3850560 10029600 15664320 16359840 22690080 33435360 42557760 22296960 32709600 6249600 43364160 10382400 1804320 14958720 19373760 5554080 22176000 2328480 24433920 39715200 31268160 18295200 29312640 30643200 19424160 23567040 13870080 34695360 5271840 29201760 26792640 43525440 8830080 26792640 5292000 11521440 27790560 28334880 31399200 25119360 40773600 28667520 29383200 31227840 1431360 42295680 2288160 8174880 28869120 31328640 25824960 23214240 40682880 27044640 26177760 38031840 42194880 15543360 12055680 897120 26097120 23556960 32256000 32276160 21218400 28959840 3729600 11672640 37104480 14505120 24444000 29352960 39211200 21772800 18254880 29534400 40682880 40118400 10211040 27457920 33959520 3548160 31167360 37003680 9616320 31711680 8920800 40904640 26742240 26197920 18607680 15402240 30915360 24796800 9324000 24252480 8396640 5564160 39795840 2328480
M
 3 2 1 4 4 4 1 1 2 1 3 4 1 4 3 2 2 4 3 1 2 4 2 3 3 3 3 2 4 4 2 1 3 3 1 4 1 4 2 1 2 2 2 2 1 1 1 3 2 2 3 2 2 2 3 1 1 3 3 2 4 3 2 1 4 3 1 1 1 2 1 2 4 2 2 2 4 1 4 2 3 2 1 3 4 2 1 1 4 1 4 1 1 4 4 1 3 1 4 1 4 3 3 3 1 3 2 2 4 3 4 4 3 1 2 2 2 4 1 1 3 3 1 1 1 4 3 1 2 1 2 4 1 4 2 1 1 4 1 2 4 4 4 2 4 3 2 2 1 2 4 4 2 1 4 3 3 3 1 1 1 3 1 2 2 4 1 2 2 1 2 2 2 3 1 2 4 1 1 2 2 1 2 2 3 1 3 4 4 2 2 4 3 2 1 1 2 4 4 4 1 2 2 2 3 4 2 4 1 3 4 4 2 3 1 3 2 3 2 1 1 4 1 2 2 4 2 2 3 3 2 2 1 1 2 4 2 3 3 2 4 3 4 3 4 1 4 4 4 1 3 1 2 1 3 4 2 2 2 3 2 4 4 1 2 2 2 1 4 3 1 1 3 3 1 3 1 1 2 1 1 4 2 3 4 3 2 2 1 4 1 3 2 1 3 2 4 2 1 3 4 1 2 1 3 4 2 2 3 4 3 4 4 2 3 1 2 1 1 3 4 3 2 3 1 4 1 4 4 2 3 2 3 1 2 4 1 1 4 4 3 1 1 4 2 4 1 3 1 1 1 1 4 3 1 3 3 1 1 3 2 4 3 2 3 3 2 3 3 2 2 1 2 3 4 2 4 3 1 4 3 4 2 4 1 1 3 1 4 4 4 3 2 4 3 3 4 2 2 2 3 3 2 4 3 1 2 2 1 1 3 1 3 4 1 4 2 3 3 3 3 1 1 3 1 2 2 4 3 1 2 2 4 2 1 2 2 1 1 3 1 1 2 1 2 4 2 3 4 2 1 1 4 1 1 1 1 1 2 1 3 2 1 2 3 2 3 3 2 2 4 1 4 4 4 2 1 2 4 4 4 3 3 3 3 1 3 2 1 1 3 3 1 4 4 4 1 1 3 2 1 2 2 3 1 2 4 3 2 2 3 3 3 3 3 3 4 2 3 3 2 1 1 3 3 3 3 3 1 1 3 1 4 2 3 3 4 4 3 1 4 1 3 3 3 2 1 2 1 4 1 3 4 1 2 4 4 2 1 4 2 4 1 4 4 2 2 1 2 4 3 3 2 3 2 2 4 1 2 2 2 4 2 4 1 4 4 3 4 2 3 2 4 2 4 4 3 1 4 1 3 1 3 1 1 2 1 1 1 3 4 1 2 3 4 2 1 3 1 4 1 2 4 3 4 1 3 2 4 3 3 1 1 1 2 2 4 4 3 3 3 2 2 4 3 2 2 4 1 1 1 4 1 4 4 4 3 4 4 4 1 2 4 2 3 3 1 4 2 1 4 4 2 3 1 2 2 1 1 3 1 3 3 1 2 4 3 1 3 4 2 4 3 2 4 1 4 3 2 2 3 4 3 4 2 4 2 3 3 2 2 3 4 3 3 4 2 3 1 1 3 4 3 2 2 4 4 2 4 1 3 2 3 1 1 2 4 4 3 2 2 2 4 3 4 3 3 4 4 1 3 4 4 1 2 1 3 2 3 1 3 3 3 1 4 3 4 4 4 4 3 4 2 3 1 4 3 2 2 4 2 3 1 4 4 3 1 4 4 2 2 1 4 4 4 3 4 4 3 4 1 1 3 2 4 3 4 2 2 1 3 2 2 1 1 3 1 2 3 4 2 2 3 1 1 4 1 1 2 2 3 2 2 2 2 2 2 2 1 1 3 1 3 2 2 2 3 1 3 3 4 3 2 3 4 4 4 4 1 1 1 2 4 4 1 1 4 3 1 1 2 4 4 1 4 4 3 4 1 1 3 2 2 4 4 4 2 1 3 3 3 1 3 4 3 4 3 2 4 2 1 4 4 2 4 1 3 1 3 1 1 3 1 1 3 4 4 3 4 4 2 3 2 4 4 4 3 3 1 1 3 2 4 2 3 1 3 2 4 1 3 1 3 4 2 3 4 1 4 2 4 4 2 4 4 2 4 2 3 4 4 1 2 4 1 4 1 2 3 4 1 3 3 2 2 1 2 3 4 3 4 1 4 4 3 1 4 4 1 1 4 1 1 3 3 2 2 4 1 4
