## - cloud resource specifications
numberOfClouds 
 3
packagename
 m3.medium m3.large m3.xlarge m3.2xlarge c3.large c3.xlarge c3.2xlarge c3.4xlarge c3.8xlarge r3.large r3.xlarge r3.2xlarge r3.4xlarge r3.8xlarge i2.xlarge i2.2xlarge i2.4xlarge i2.8xlarge n1-standard-1 n1-standard-2 n1-standard-4 n1-standard-8 n1-standard-16 n1-highcpu-2 n1-highcpu-4 n1-highcpu-8 n1-highcpu-16 n1-highmem-2 n1-highmem-4 n1-highmem-8 n1-highmem-16 A0 A1 A2 A3 A4 A5 A6 A7 D1 D2 D3 D4 D11 D12 D13 D14 A10 A11
package
 18 13 18
Gflops
 190 380 760 1520 426 852 1704 3408 6816 380 760 1520 3040 6080 760 1520 3040 6080 159 317 634 1268 2536 317 634 1268 2536 317 634 1268 2536 168 168 335 670 1340 670 1340 2680 335 670 1340 2680 670 1340 2680 5360 3040 6080
ram
 3.75 7.5 15 30 3.75 7.5 15 30 60 15.25 30.5 61 122 244 30.5 61 122 244 3.75 7.5 15 30 60 1.8 3.6 7.2 14.4 13 26 52 104 0.75 1.75 3.5 7.0 14.0 14.0 28.0 56.0 3.5 7.0 14.0 28.0 14.0 28.0 56.0 112.0 56.0 112.0
disk
 4.0 32.0 80.0 160.0 32.0 80.0 160.0 320.0 640.0 32.0 80.0 160.0 320.0 640.0 800.0 1600.0 3200.0 6400.0 100.0 250.0 500.0 750.0 1000.0 250.0 500.0 750.0 1000.0 250.0 500.0 750.0 1000.0 20.0 70.0 135.0 285.0 605.0 135.0 285.0 605.0 50.0 100.0 200.0 400.0 100.0 200.0 400.0 800.0 382.0 382.0
locationProvider
 7 3 8
locationID
 1 1 2 2 3 4 5 1 2 3 1 2 2 3 3 4 4 5
priceOS0
 0.07 0.14 0.28 0.56 0.105 0.21 0.42 0.84 1.68 0.175 0.35 0.7 1.4 2.8 0.853 1.705 3.41 6.82 0.077 0.154 0.308 0.616 0.12 0.239 0.478 0.956 1.912 0.195 0.39 0.78 1.56 3.12 0.938 1.876 3.751 7.502 0.077 0.154 0.308 0.616 0.12 0.239 0.478 0.956 1.912 0.195 0.39 0.78 1.56 3.12 0.938 1.876 3.751 7.502 0.083 0.166 0.332 0.665 0.129 0.258 0.516 1.032 2.064 0.21 0.421 0.842 1.684 3.369 1.013 2.026 4.051 8.102 0.098 0.196 0.392 0.784 0.132 0.265 0.529 1.058 2.117 0.21 0.42 0.84 1.68 3.36 1.018 2.035 4.07 8.14 0.101 0.203 0.405 0.81 0.128 0.255 0.511 1.021 2.043 0.21 0.42 0.84 1.68 3.36 1.001 2.001 4.002 8.004 0.098 0.196 0.392 0.784 0.132 0.265 0.529 1.058 2.117 0.21 0.42 0.84 1.68 3.36 1.018 2.035 4.07 8.14 0.122 0.255 0.510 1.521 2.924 0.275 0.550 1.601 3.084 0.237 0.474 1.449 2.780 0.126 0.263 0.526 1.553 2.988 0.285 0.570 1.641 3.164 0.243 0.486 1.473 2.828 0.126 0.263 0.526 1.553 2.988 0.285 0.570 1.641 3.164 0.243 0.486 1.473 2.828 0.02 0.06 0.12 0.24 0.48 0.25 0.5 1.0 0.094 0.188 0.376 0.752 0.238 0.476 0.857 1.542 1.16 2.08 0.02 0.06 0.12 0.24 0.48 0.248 0.496 0.992 0.094 0.188 0.376 0.752 0.238 0.476 0.857 1.542 1.33 2.39 0.02 0.06 0.12 0.24 0.48 0.27 0.54 1.08 0.115 0.23 0.46 0.92 0.273 0.546 0.983 1.769 1.33 2.39 0.02 0.06 0.12 0.24 0.48 0.294 0.588 1.176 0.138 0.276 0.552 1.104 0.295 0.59 1.062 1.912 1.51 2.7 0.02 0.06 0.12 0.24 0.48 0.27 0.54 1.08 0.12 0.24 0.48 0.96 0.256 0.512 0.922 1.659 1.33 2.39 0.024 0.081 0.162 0.324 0.648 0.281 0.562 1.124 0.142 0.284 0.568 1.136 0.295 0.59 1.062 1.912 1.51 2.7 0.021 0.073 0.146 0.292 0.584 0.258 0.516 1.032 0.123 0.246 0.492 0.984 0.256 0.512 0.922 1.659 1.33 2.39 0.029 0.071 0.142 0.284 0.568 0.278 0.556 1.112 0.12 0.239 0.478 0.956 0.256 0.512 0.922 1.66 1.33 2.39
priceOS1
 0.133 0.266 0.532 1.064 0.188 0.376 0.752 1.504 3.008 0.3 0.6 1.08 1.944 3.5 0.973 1.946 3.891 7.782 0.133 0.266 0.532 1.064 0.188 0.376 0.752 1.504 3.008 0.3 0.6 1.08 1.944 3.5 0.973 1.946 3.891 7.782 0.14 0.28 0.56 1.12 0.188 0.376 0.752 1.504 3.008 0.33 0.652 1.173 2.111 3.8 1.058 2.116 4.232 8.464 0.146 0.292 0.584 1.169 0.212 0.424 0.848 1.696 3.392 0.335 0.671 1.222 2.228 4.069 1.133 2.267 4.532 9.064 0.161 0.322 0.644 1.288 0.238 0.477 0.935 1.906 3.813 0.323 0.646 1.192 2.447 4.6 1.169 2.337 4.674 9.348 0.151 0.302 0.603 1.206 0.231 0.462 0.925 1.849 3.699 0.31 0.62 1.219 2.276 4.25 1.113 2.226 4.451 8.903 0.161 0.322 0.644 1.288 0.238 0.477 0.935 1.906 3.813 0.323 0.646 1.192 2.447 4.6 1.169 2.337 4.674 9.348 0.102 0.215 0.430 0.801 1.484 0.235 0.470 0.881 1.644 0.197 0.394 0.729 1.340 0.106 0.223 0.446 0.833 1.548 0.245 0.490 0.921 1.724 0.203 0.406 0.753 1.388 0.106 0.223 0.446 0.833 1.548 0.245 0.490 0.921 1.724 0.203 0.406 0.753 1.388 0.02 0.09 0.18 0.36 0.72 0.33 0.66 1.32 0.171 0.342 0.684 1.368 0.403 0.806 1.451 2.611 1.64 3.04 0.02 0.09 0.18 0.36 0.72 0.3 0.6 1.2 0.159 0.318 0.636 1.272 0.366 0.732 1.318 2.372 1.89 3.5 0.02 0.09 0.18 0.36 0.72 0.34 0.68 1.36 0.183 0.366 0.732 1.464 0.421 0.842 1.516 2.728 1.89 3.5 0.02 0.09 0.18 0.36 0.72 0.36 0.72 1.44 0.224 0.448 0.896 1.792 0.453 0.906 1.631 2.935 2.13 3.95 0.02 0.09 0.18 0.36 0.72 0.32 0.64 1.28 0.195 0.39 0.78 1.56 0.394 0.788 1.418 2.553 1.89 3.5 0.024 0.106 0.212 0.424 0.848 0.35 0.7 1.4 0.211 0.422 0.844 1.688 0.436 0.872 1.57 2.825 2.13 3.95 0.021 0.095 0.19 0.38 0.76 0.31 0.62 1.24 0.183 0.366 0.732 1.464 0.378 0.756 1.361 2.449 1.89 3.5 0.029 0.113 0.226 0.452 0.904 0.349 0.698 1.396 0.196 0.393 0.786 1.571 0.394 0.788 1.419 2.554 1.89 3.5
# - client 2 requirements:
N
500
Tf
 2 4 3 3 2 2 5 5 5 4 5 5 2 5 5 4 2 3 5 5 4 2 5 5 5 2 3 3 2 5 3 4 2 4 4 4 5 5 4 5 3 5 3 2 4 5 4 2 3 3 2 2 3 5 4 2 4 3 2 5 4 5 5 2 5 2 5 4 5 3 3 3 3 2 2 4 4 2 3 2 5 3 5 2 2 4 2 2 2 3 5 2 2 2 5 5 2 4 4 2 4 4 2 2 3 2 2 5 2 4 2 3 4 2 3 5 5 2 4 2 3 3 5 3 2 5 4 4 3 5 3 5 5 3 2 5 3 2 3 3 3 2 5 2 5 4 5 5 2 2 2 2 3 4 3 3 4 3 3 4 3 4 2 3 3 2 4 5 4 5 4 3 2 2 3 5 2 4 4 4 2 5 4 5 5 3 5 5 5 4 3 3 4 3 4 2 5 5 2 2 3 4 5 5 3 2 5 3 4 4 3 5 4 5 3 2 2 2 4 5 5 3 2 3 4 5 4 5 2 4 4 3 3 3 4 4 2 3 5 4 5 2 5 2 5 3 4 4 5 3 3 3 4 5 2 3 5 2 3 2 5 4 5 3 2 4 5 2 4 5 5 3 4 2 3 2 2 4 4 4 2 2 5 2 2 3 5 3 3 4 5 2 5 4 2 2 3 5 2 4 5 5 5 3 4 2 3 4 5 4 5 5 4 5 3 2 3 4 2 3 3 2 2 3 3 3 4 3 2 5 2 4 2 5 2 4 2 3 3 5 4 2 3 3 2 3 3 2 3 2 5 4 4 4 3 2 3 5 5 3 4 3 4 3 3 5 2 5 2 5 2 4 2 5 4 3 3 3 3 2 5 3 2 5 4 4 2 5 4 4 2 2 2 2 5 4 5 2 2 2 5 2 4 3 3 5 4 3 4 5 2 5 4 3 4 2 3 3 2 2 2 4 4 5 5 5 4 2 5 2 3 4 5 2 2 5 3 2 5 3 5 4 3 2 2 4 3 4 5 4 2 4 3 5 4 4 3 3 2 3 2 4 2 5 5 5 2 5 2 3 2 2 4 5 4 2 2 2 4 3 3 2 4 2 2 3 2 4 4 2 3 4 5 5 2 5 4 3 3 5
C
 0.56 0.56 0.56 0.56 0.56 0.56 0.56 0.56 0.56 0.56 0.56 0.56 0.56 0.56 0.56 0.56 0.56 0.56 0.56 0.56 0.56 0.56 0.56 1.12 0.56 0.56 0.56 0.56 0.56 0.56 1.12 0.56 0.56 0.56 0.56 0.56 0.56 0.56 0.56 0.56 0.56 0.56 1.12 0.56 0.56 0.56 0.56 0.56 0.56 0.56 0.56 0.56 0.56 0.56 0.56 0.56 0.56 0.56 0.56 0.56 0.56 0.56 0.56 0.56 0.56 0.56 0.56 0.56 0.56 0.56 0.56 0.56 0.56 0.56 0.56 0.56 0.56 0.56 0.56 0.56 0.56 0.56 0.56 0.56 0.56 0.56 0.56 0.56 0.56 1.12 1.12 0.56 0.56 0.56 0.56 0.56 0.56 0.56 0.56 0.56 0.56 0.56 0.56 0.56 0.56 0.56 0.56 0.56 0.56 0.56 0.56 0.56 0.56 0.56 0.56 0.56 0.56 0.56 0.56 0.56 0.56 0.56 0.56 0.56 0.56 0.56 0.56 0.56 0.56 0.56 0.56 0.56 0.56 0.56 0.56 0.56 0.56 0.56 0.56 0.56 0.56 0.56 0.56 0.56 0.56 0.56 0.56 0.56 0.56 0.56 0.56 0.56 0.56 0.56 0.56 0.56 0.56 1.12 0.56 0.56 0.56 0.56 0.56 0.56 0.56 0.56 0.56 0.56 0.56 0.56 0.56 0.56 0.56 0.56 0.56 0.56 0.56 0.56 0.56 0.56 0.56 0.56 0.56 0.56 0.56 1.12 0.56 0.56 0.56 0.56 0.56 0.56 0.56 0.56 0.56 0.56 0.56 0.56 0.56 0.56 0.56 0.56 0.56 0.56 0.56 0.56 0.56 0.56 0.56 0.56 0.56 0.56 0.56 0.56 0.56 0.56 0.56 0.56 0.56 0.56 0.56 0.56 0.56 0.56 0.56 0.56 0.56 0.56 0.56 0.56 0.56 0.56 0.56 0.56 0.56 0.56 0.56 0.56 0.56 0.56 0.56 0.56 0.56 0.56 0.56 0.56 0.56 0.56 0.56 0.56 0.56 0.56 0.56 0.56 0.56 0.56 0.56 0.56 0.56 0.56 0.56 0.56 0.56 0.56 0.56 0.56 0.56 1.12 0.56 0.56 0.56 0.56 0.56 0.56 0.56 0.56 0.56 0.56 0.56 0.56 0.56 0.56 0.56 0.56 0.56 0.56 0.56 0.56 0.56 0.56 0.56 0.56 0.56 0.56 0.56 0.56 0.56 0.56 0.56 0.56 0.56 0.56 0.56 0.56 0.56 0.56 0.56 0.56 0.56 0.56 0.56 0.56 0.56 0.56 0.56 0.56 0.56 0.56 0.56 0.56 0.56 0.56 0.56 0.56 0.56 0.56 1.12 0.56 0.56 0.56 0.56 0.56 0.56 0.56 0.56 0.56 0.56 0.56 0.56 0.56 0.56 0.56 0.56 0.56 0.56 0.56 0.56 0.56 0.56 0.56 0.56 0.56 0.56 0.56 0.56 0.56 0.56 0.56 0.56 0.56 0.56 0.56 0.56 0.56 0.56 0.56 0.56 0.56 0.56 0.56 0.56 0.56 0.56 0.56 0.56 0.56 0.56 0.56 0.56 0.56 0.56 0.56 0.56 0.56 0.56 0.56 0.56 0.56 0.56 0.56 0.56 0.56 0.56 0.56 0.56 0.56 0.56 0.56 0.56 0.56 0.56 0.56 0.56 0.56 0.56 0.56 0.56 0.56 0.56 0.56 0.56 0.56 0.56 0.56 0.56 0.56 0.56 0.56 0.56 0.56 0.56 0.56 0.56 0.56 0.56 0.56 0.56 0.56 0.56 0.56 0.56 0.56 0.56 0.56 0.56 0.56 0.56 0.56 0.56 0.56 0.56 0.56 0.56 0.56 0.56 0.56 0.56 0.56 0.56 0.56 0.56 0.56 0.56 0.56 0.56 0.56 0.56 0.56 0.56 0.56 0.56 0.56 0.56 0.56 0.56 0.56 0.56 0.56 0.56 0.56 0.56 0.56 0.56 0.56 0.56 0.56 1.12 0.56 0.56 0.56 0.56 0.56 0.56 0.56 0.56 0.56 0.56 0.56 0.56 0.56 0.56 1.12 0.56 0.56 0.56 0.56 0.56 0.56 0.56 0.56
LO
 5 3 5 3 3 4 4 4 0 0 2 2 1 2 4 0 1 4 5 1 2 0 2 1 1 1 5 1 1 0 0 4 5 3 2 5 2 1 0 4 0 4 2 0 1 5 0 4 3 5 4 3 3 4 1 3 0 4 4 2 0 3 4 1 3 4 0 0 0 3 2 4 2 5 3 3 5 1 4 5 1 3 4 3 2 0 3 3 4 1 4 5 3 5 3 2 0 2 0 3 5 3 0 1 1 5 4 4 1 5 2 0 0 1 3 4 1 1 3 2 3 0 0 5 0 5 2 1 0 0 4 3 0 0 1 1 0 3 0 3 0 0 0 5 1 3 1 0 5 4 3 4 2 4 3 2 4 0 1 3 4 0 5 5 0 2 5 0 0 5 1 3 2 4 1 1 2 1 4 4 0 5 5 5 1 0 5 0 1 4 0 0 5 4 4 0 1 1 0 4 2 5 3 3 1 1 5 4 2 1 1 2 2 4 1 1 1 4 5 2 3 1 2 3 5 2 1 1 3 4 3 1 5 2 1 0 1 1 2 5 0 5 4 4 3 2 2 2 1 0 0 5 2 0 1 5 1 4 3 3 1 5 2 1 4 1 4 4 2 3 2 0 1 5 1 1 0 0 1 0 4 1 4 2 2 5 4 4 2 0 1 2 3 0 5 2 5 1 1 5 4 3 5 1 2 4 3 1 3 2 1 1 1 0 4 1 3 2 3 5 5 2 0 3 0 2 3 2 5 4 3 0 3 0 0 4 2 0 3 4 3 4 2 3 0 5 1 1 2 4 2 1 1 4 2 0 2 4 0 3 1 4 4 0 2 3 4 1 5 4 5 3 3 0 2 0 2 3 2 0 5 4 2 0 5 4 2 2 3 0 4 5 1 2 3 2 3 5 1 4 0 1 4 1 0 5 1 4 2 5 1 5 2 2 5 4 0 3 3 1 1 2 4 4 2 5 5 3 4 3 1 5 0 3 5 2 2 0 0 4 1 3 0 4 5 4 3 0 4 1 5 0 1 3 2 1 5 2 0 5 4 2 2 4 1 0 5 2 0 3 4 4 0 1 3 4 0 5 0 3 4 5 1 4 2 1 0 2 5 1 1 0 5 2 0 1 4 5 3 2
D
 702 924 943 687 436 613 667 857 995 687 576 588 393 123 479 876 193 995 827 918 490 336 271 801 762 304 525 463 485 381 232 648 833 449 233 405 589 433 517 583 760 673 205 108 349 203 159 164 609 752 189 896 499 779 409 490 239 556 257 512 398 125 888 688 178 451 837 122 797 584 131 374 291 421 161 303 535 307 197 509 969 757 758 359 472 431 632 490 940 171 441 199 641 340 271 223 907 579 607 321 631 935 914 918 900 562 787 619 507 409 217 488 263 659 829 551 476 317 856 266 601 842 398 267 119 538 809 176 760 139 652 496 634 788 710 627 959 785 947 549 500 852 254 166 566 327 159 873 943 171 904 774 559 845 732 224 601 281 713 340 978 253 219 591 839 340 823 588 357 475 601 990 108 474 143 686 449 256 114 985 596 438 460 453 133 355 866 120 583 655 658 679 142 306 784 310 727 167 331 569 975 487 472 967 460 138 760 628 876 293 568 855 199 344 858 492 416 786 501 610 897 184 785 410 940 389 794 501 394 481 475 520 491 619 697 908 888 611 354 424 149 614 173 400 136 702 899 709 351 923 466 297 166 576 103 515 431 718 218 619 772 224 821 966 857 592 200 954 602 436 524 508 755 416 921 990 528 677 508 437 387 894 263 669 253 285 320 742 460 756 512 931 851 728 437 152 773 963 435 107 593 168 328 363 113 386 448 791 561 506 527 295 854 518 410 865 600 302 353 630 644 706 319 830 860 204 443 901 457 930 855 948 909 900 120 282 479 756 650 754 652 553 140 848 402 118 265 886 784 486 386 716 113 609 384 381 647 914 724 739 913 872 548 450 849 143 667 740 627 451 730 467 866 328 335 310 848 195 703 339 978 880 492 285 747 621 907 659 712 845 757 111 148 277 303 812 554 619 288 836 352 240 854 188 612 159 800 888 998 556 413 254 1000 220 725 387 535 375 586 745 256 801 315 156 467 409 645 948 416 170 222 406 938 326 153 548 323 996 758 658 188 720 355 710 901 588 860 705 144 750 426 707 561 163 652 596 939 269 887 497 984 318 175 884 951 196 819 604 222 897 122 355 385 679 375 337 997 268 691 773 530 799 530 932 599 295 772 997 382 880 771 437 654 129 889 502 647 999 849 794
OS
 1 1 0 1 0 0 0 1 0 1 1 0 1 1 0 0 0 0 1 0 0 1 0 1 1 0 0 0 0 0 0 1 0 0 0 1 1 1 0 0 1 1 1 0 1 1 1 0 0 0 0 1 0 1 0 1 0 0 0 1 1 1 1 0 1 0 0 0 0 0 1 0 1 0 1 0 1 0 1 1 0 0 0 0 0 0 0 0 0 1 0 1 0 1 0 0 1 0 1 1 1 1 0 0 1 0 1 0 1 0 1 1 1 0 1 1 1 1 0 1 1 1 0 0 1 1 1 1 0 1 1 1 0 0 0 0 0 1 0 1 0 1 0 1 0 1 1 1 1 0 1 1 1 1 0 0 0 0 0 1 1 1 0 0 1 1 0 1 1 1 1 1 0 1 0 0 1 0 0 0 1 0 0 1 1 1 0 1 0 1 1 1 0 0 0 0 1 0 0 1 1 0 0 0 1 1 0 1 0 0 1 0 1 1 0 1 0 0 1 0 0 1 0 0 0 1 0 0 1 1 1 0 1 1 1 0 1 0 1 1 1 1 1 0 1 1 0 0 1 0 0 0 0 0 1 1 1 0 1 1 1 1 1 0 0 0 0 1 1 0 0 1 0 0 1 0 1 0 0 1 0 1 1 0 1 1 0 0 1 1 1 1 1 1 1 1 0 0 0 1 1 1 1 1 1 1 1 1 0 0 1 1 0 0 0 1 1 0 1 1 0 1 1 1 1 1 1 1 0 1 1 0 0 1 1 1 1 1 0 0 0 0 0 0 0 0 1 1 0 0 1 1 1 1 1 1 1 1 0 0 0 1 0 0 1 1 0 0 0 1 0 0 0 1 0 0 0 1 1 1 1 1 1 1 1 1 0 0 0 1 0 0 0 0 1 1 1 0 1 0 0 1 1 0 1 0 1 0 0 0 1 0 0 1 0 1 0 1 1 1 1 0 1 0 1 1 1 0 1 0 1 0 1 1 0 1 0 0 1 1 0 1 1 1 1 0 0 1 0 0 1 0 1 0 1 1 0 1 0 1 1 0 1 0 0 0 0 1 0 0 0 0 1 0 1 0 1 1 1 0 0 1 1 1 0 0 0 0 0 0 1 1 1 0 0 1 0 0 0 1
F
 383040 181440 292320 90720 90720 272160 60480 322560 262080 20160 262080 221760 171360 534240 564480 292320 443520 282240 544320 252000 60480 453600 252000 604800 90720 554400 20160 292320 282240 201600 604800 30240 151200 312480 50400 151200 292320 80640 241920 10080 171360 312480 604800 342720 171360 110880 473760 241920 554400 433440 272160 443520 534240 443520 322560 131040 534240 423360 141120 514080 544320 292320 50400 221760 423360 161280 110880 80640 292320 292320 191520 584640 70560 10080 282240 473760 383040 110880 282240 80640 30240 362880 80640 483840 191520 372960 120960 362880 493920 604800 604800 201600 514080 221760 383040 443520 352800 221760 70560 131040 493920 80640 383040 564480 231840 322560 403200 493920 120960 10080 191520 342720 463680 40320 120960 433440 544320 292320 272160 60480 151200 100800 191520 594720 151200 352800 110880 463680 262080 372960 10080 181440 131040 554400 372960 262080 221760 463680 231840 151200 30240 262080 100800 413280 131040 463680 252000 30240 201600 10080 40320 50400 161280 191520 504000 493920 272160 604800 433440 514080 262080 473760 292320 221760 423360 514080 332640 362880 201600 443520 443520 544320 362880 443520 564480 534240 514080 423360 372960 252000 564480 312480 403200 473760 191520 604800 312480 181440 302400 322560 231840 554400 30240 352800 594720 554400 463680 171360 302400 191520 241920 483840 403200 383040 262080 10080 423360 221760 10080 493920 332640 161280 342720 372960 20160 362880 60480 534240 564480 262080 433440 90720 372960 463680 352800 30240 262080 191520 352800 594720 514080 100800 473760 504000 524160 272160 50400 594720 383040 40320 272160 272160 332640 342720 473760 252000 504000 141120 342720 413280 302400 372960 362880 504000 241920 372960 483840 312480 524160 272160 403200 191520 161280 534240 211680 211680 423360 604800 211680 70560 40320 362880 120960 594720 574560 292320 131040 574560 90720 393120 342720 120960 292320 141120 453600 594720 332640 312480 110880 282240 352800 423360 534240 483840 534240 80640 574560 141120 30240 393120 60480 584640 191520 10080 534240 262080 131040 463680 504000 80640 272160 60480 70560 110880 332640 262080 322560 40320 302400 524160 393120 20160 10080 20160 584640 372960 604800 524160 443520 443520 110880 584640 483840 221760 554400 524160 463680 110880 332640 171360 171360 453600 141120 554400 252000 544320 221760 292320 423360 534240 554400 131040 372960 524160 120960 171360 322560 362880 584640 161280 171360 282240 342720 413280 40320 90720 362880 554400 181440 352800 171360 262080 342720 544320 90720 554400 352800 362880 564480 191520 524160 463680 594720 252000 292320 181440 372960 241920 413280 201600 252000 161280 90720 504000 120960 262080 211680 383040 151200 483840 544320 383040 241920 564480 292320 383040 453600 453600 141120 463680 352800 473760 252000 272160 383040 403200 60480 544320 443520 473760 473760 483840 282240 332640 282240 161280 524160 554400 352800 322560 120960 514080 584640 473760 403200 322560 302400 443520 161280 50400 584640 70560 100800 30240 534240 534240 120960 100800 574560 413280 332640 574560 534240 262080 120960 423360 221760 10080 40320 584640 302400 252000 60480 100800 211680 342720 272160 262080 252000 221760 252000 312480 302400 554400 70560 171360 604800 181440 151200 120960 20160 211680 443520 80640 352800 413280 201600 312480 100800 272160 342720 604800 181440 483840 252000 352800 564480 483840 312480 181440
M
 6 5 7 6 4 6 5 7 7 7 4 4 4 7 7 5 8 7 8 5 7 6 8 8 7 6 8 8 8 5 8 4 7 8 7 6 4 5 5 7 4 7 8 8 4 6 8 6 5 8 7 8 6 7 8 4 4 8 5 7 7 7 7 6 4 6 7 7 4 5 6 7 6 8 7 4 4 7 5 7 8 4 5 4 6 5 7 8 6 6 8 8 5 7 8 7 8 7 8 6 7 5 4 8 4 5 7 4 7 5 8 5 4 4 4 5 6 6 8 4 7 4 8 7 5 6 4 8 5 7 6 4 8 6 8 7 8 8 8 6 8 6 5 8 6 6 7 8 5 7 4 7 5 8 4 6 6 4 5 8 7 8 7 7 7 6 8 5 8 6 6 4 4 5 4 8 4 8 8 5 6 7 7 6 6 8 4 7 5 6 5 8 7 4 5 8 7 7 7 7 8 6 8 8 6 5 6 6 5 8 7 8 6 6 7 6 8 8 8 4 6 6 5 7 6 8 8 4 7 7 5 6 5 6 8 5 7 5 7 7 4 7 6 6 5 7 8 8 5 4 7 6 7 5 7 4 4 6 5 7 4 7 5 6 6 7 4 4 7 8 5 7 5 4 6 5 8 4 7 6 6 6 8 8 8 5 4 6 4 6 4 5 4 4 7 4 8 5 6 4 4 6 7 7 6 7 5 6 7 7 7 4 8 5 4 5 4 4 4 6 5 8 4 7 7 6 8 5 8 5 6 5 5 4 4 5 7 4 4 8 8 5 6 7 4 6 6 6 8 6 6 5 6 4 5 6 4 5 7 8 6 5 7 4 7 4 6 7 4 6 8 6 5 5 6 6 7 5 8 6 7 8 8 4 4 6 6 8 4 4 8 6 8 6 4 4 4 6 6 4 7 5 5 4 4 5 4 8 4 5 6 7 8 5 4 4 7 5 5 5 6 8 4 7 5 6 5 8 6 8 6 7 6 8 5 8 5 7 5 4 8 7 8 5 8 5 7 7 6 8 8 7 5 4 5 8 7 7 5 8 8 7 4 7 5 6 8 8 7 4 4 7 4 4 6 6 8 4 4 7 7 5 8 6 7 4 6 6 8 6 5 5 4 8 8 7 7 7 5 4
