## - cloud resource specifications
numberOfClouds 
 3
packagename
 m3.medium m3.large m3.xlarge m3.2xlarge c3.large c3.xlarge c3.2xlarge c3.4xlarge c3.8xlarge r3.large r3.xlarge r3.2xlarge r3.4xlarge r3.8xlarge i2.xlarge i2.2xlarge i2.4xlarge i2.8xlarge n1-standard-1 n1-standard-2 n1-standard-4 n1-standard-8 n1-standard-16 n1-highcpu-2 n1-highcpu-4 n1-highcpu-8 n1-highcpu-16 n1-highmem-2 n1-highmem-4 n1-highmem-8 n1-highmem-16 A0 A1 A2 A3 A4 A5 A6 A7 D1 D2 D3 D4 D11 D12 D13 D14 A10 A11
package
 18 13 18
Gflops
 190 380 760 1520 426 852 1704 3408 6816 380 760 1520 3040 6080 760 1520 3040 6080 159 317 634 1268 2536 317 634 1268 2536 317 634 1268 2536 168 168 335 670 1340 670 1340 2680 335 670 1340 2680 670 1340 2680 5360 3040 6080
ram
 3.75 7.5 15 30 3.75 7.5 15 30 60 15.25 30.5 61 122 244 30.5 61 122 244 3.75 7.5 15 30 60 1.8 3.6 7.2 14.4 13 26 52 104 0.75 1.75 3.5 7.0 14.0 14.0 28.0 56.0 3.5 7.0 14.0 28.0 14.0 28.0 56.0 112.0 56.0 112.0
disk
 4.0 32.0 80.0 160.0 32.0 80.0 160.0 320.0 640.0 32.0 80.0 160.0 320.0 640.0 800.0 1600.0 3200.0 6400.0 100.0 250.0 500.0 750.0 1000.0 250.0 500.0 750.0 1000.0 250.0 500.0 750.0 1000.0 20.0 70.0 135.0 285.0 605.0 135.0 285.0 605.0 50.0 100.0 200.0 400.0 100.0 200.0 400.0 800.0 382.0 382.0
locationProvider
 7 3 8
locationID
 1 1 2 2 3 4 5 1 2 3 1 2 2 3 3 4 4 5
priceOS0
 0.07 0.14 0.28 0.56 0.105 0.21 0.42 0.84 1.68 0.175 0.35 0.7 1.4 2.8 0.853 1.705 3.41 6.82 0.077 0.154 0.308 0.616 0.12 0.239 0.478 0.956 1.912 0.195 0.39 0.78 1.56 3.12 0.938 1.876 3.751 7.502 0.077 0.154 0.308 0.616 0.12 0.239 0.478 0.956 1.912 0.195 0.39 0.78 1.56 3.12 0.938 1.876 3.751 7.502 0.083 0.166 0.332 0.665 0.129 0.258 0.516 1.032 2.064 0.21 0.421 0.842 1.684 3.369 1.013 2.026 4.051 8.102 0.098 0.196 0.392 0.784 0.132 0.265 0.529 1.058 2.117 0.21 0.42 0.84 1.68 3.36 1.018 2.035 4.07 8.14 0.101 0.203 0.405 0.81 0.128 0.255 0.511 1.021 2.043 0.21 0.42 0.84 1.68 3.36 1.001 2.001 4.002 8.004 0.098 0.196 0.392 0.784 0.132 0.265 0.529 1.058 2.117 0.21 0.42 0.84 1.68 3.36 1.018 2.035 4.07 8.14 0.122 0.255 0.510 1.521 2.924 0.275 0.550 1.601 3.084 0.237 0.474 1.449 2.780 0.126 0.263 0.526 1.553 2.988 0.285 0.570 1.641 3.164 0.243 0.486 1.473 2.828 0.126 0.263 0.526 1.553 2.988 0.285 0.570 1.641 3.164 0.243 0.486 1.473 2.828 0.02 0.06 0.12 0.24 0.48 0.25 0.5 1.0 0.094 0.188 0.376 0.752 0.238 0.476 0.857 1.542 1.16 2.08 0.02 0.06 0.12 0.24 0.48 0.248 0.496 0.992 0.094 0.188 0.376 0.752 0.238 0.476 0.857 1.542 1.33 2.39 0.02 0.06 0.12 0.24 0.48 0.27 0.54 1.08 0.115 0.23 0.46 0.92 0.273 0.546 0.983 1.769 1.33 2.39 0.02 0.06 0.12 0.24 0.48 0.294 0.588 1.176 0.138 0.276 0.552 1.104 0.295 0.59 1.062 1.912 1.51 2.7 0.02 0.06 0.12 0.24 0.48 0.27 0.54 1.08 0.12 0.24 0.48 0.96 0.256 0.512 0.922 1.659 1.33 2.39 0.024 0.081 0.162 0.324 0.648 0.281 0.562 1.124 0.142 0.284 0.568 1.136 0.295 0.59 1.062 1.912 1.51 2.7 0.021 0.073 0.146 0.292 0.584 0.258 0.516 1.032 0.123 0.246 0.492 0.984 0.256 0.512 0.922 1.659 1.33 2.39 0.029 0.071 0.142 0.284 0.568 0.278 0.556 1.112 0.12 0.239 0.478 0.956 0.256 0.512 0.922 1.66 1.33 2.39
priceOS1
 0.133 0.266 0.532 1.064 0.188 0.376 0.752 1.504 3.008 0.3 0.6 1.08 1.944 3.5 0.973 1.946 3.891 7.782 0.133 0.266 0.532 1.064 0.188 0.376 0.752 1.504 3.008 0.3 0.6 1.08 1.944 3.5 0.973 1.946 3.891 7.782 0.14 0.28 0.56 1.12 0.188 0.376 0.752 1.504 3.008 0.33 0.652 1.173 2.111 3.8 1.058 2.116 4.232 8.464 0.146 0.292 0.584 1.169 0.212 0.424 0.848 1.696 3.392 0.335 0.671 1.222 2.228 4.069 1.133 2.267 4.532 9.064 0.161 0.322 0.644 1.288 0.238 0.477 0.935 1.906 3.813 0.323 0.646 1.192 2.447 4.6 1.169 2.337 4.674 9.348 0.151 0.302 0.603 1.206 0.231 0.462 0.925 1.849 3.699 0.31 0.62 1.219 2.276 4.25 1.113 2.226 4.451 8.903 0.161 0.322 0.644 1.288 0.238 0.477 0.935 1.906 3.813 0.323 0.646 1.192 2.447 4.6 1.169 2.337 4.674 9.348 0.102 0.215 0.430 0.801 1.484 0.235 0.470 0.881 1.644 0.197 0.394 0.729 1.340 0.106 0.223 0.446 0.833 1.548 0.245 0.490 0.921 1.724 0.203 0.406 0.753 1.388 0.106 0.223 0.446 0.833 1.548 0.245 0.490 0.921 1.724 0.203 0.406 0.753 1.388 0.02 0.09 0.18 0.36 0.72 0.33 0.66 1.32 0.171 0.342 0.684 1.368 0.403 0.806 1.451 2.611 1.64 3.04 0.02 0.09 0.18 0.36 0.72 0.3 0.6 1.2 0.159 0.318 0.636 1.272 0.366 0.732 1.318 2.372 1.89 3.5 0.02 0.09 0.18 0.36 0.72 0.34 0.68 1.36 0.183 0.366 0.732 1.464 0.421 0.842 1.516 2.728 1.89 3.5 0.02 0.09 0.18 0.36 0.72 0.36 0.72 1.44 0.224 0.448 0.896 1.792 0.453 0.906 1.631 2.935 2.13 3.95 0.02 0.09 0.18 0.36 0.72 0.32 0.64 1.28 0.195 0.39 0.78 1.56 0.394 0.788 1.418 2.553 1.89 3.5 0.024 0.106 0.212 0.424 0.848 0.35 0.7 1.4 0.211 0.422 0.844 1.688 0.436 0.872 1.57 2.825 2.13 3.95 0.021 0.095 0.19 0.38 0.76 0.31 0.62 1.24 0.183 0.366 0.732 1.464 0.378 0.756 1.361 2.449 1.89 3.5 0.029 0.113 0.226 0.452 0.904 0.349 0.698 1.396 0.196 0.393 0.786 1.571 0.394 0.788 1.419 2.554 1.89 3.5
# - client 2 requirements:
N
250
Tf
 4 5 4 3 3 3 3 4 5 5 2 2 5 4 3 5 4 2 5 4 3 3 3 2 3 3 3 3 5 2 3 3 5 3 3 2 5 2 3 5 5 4 2 5 3 3 4 3 3 5 3 5 5 2 4 5 2 3 4 5 5 2 5 3 5 4 2 5 4 4 2 5 2 5 3 5 3 4 5 5 3 2 3 2 4 5 4 3 2 2 3 3 5 3 2 4 5 5 2 5 5 3 4 4 4 3 3 2 4 3 5 4 2 2 2 3 2 2 3 5 3 3 2 3 4 3 2 2 3 5 5 4 2 4 5 5 2 2 5 2 5 3 2 2 4 4 3 3 2 4 3 3 5 2 4 3 4 2 5 3 2 4 5 4 2 4 2 4 4 2 3 3 2 2 5 5 2 5 2 5 3 4 4 5 5 3 5 5 2 3 2 3 3 2 5 3 2 2 2 5 5 4 3 4 3 5 5 3 5 3 3 5 2 4 4 5 3 2 4 5 5 2 4 5 5 5 3 3 3 5 3 3 3 3 3 4 2 4 2 4 4 4 3 2 2 4 4 3 5 3
C
 71.05 26.10 97.15 11.60 42.05 104.40 34.80 92.80 24.65 87.00 69.60 7.25 52.20 88.45 39.15 91.35 68.15 33.35 72.50 11.60 47.85 85.55 21.75 94.25 14.50 17.40 92.80 17.40 23.20 30.45 23.20 36.25 2.90 5.80 14.50 95.70 78.30 78.30 85.55 37.70 40.60 36.25 37.70 15.95 55.10 82.65 36.25 8.70 89.90 87.00 85.55 33.35 104.40 62.35 88.45 14.50 55.10 69.60 53.65 15.95 11.60 66.70 5.80 50.75 102.95 40.60 68.15 4.35 79.75 39.15 79.75 2.90 58.00 66.70 8.70 33.35 36.25 79.75 34.80 49.30 66.70 82.65 49.30 79.75 23.20 29.00 82.65 44.95 43.50 68.15 63.80 29.00 66.70 75.40 34.80 31.90 42.05 49.30 33.35 33.35 34.80 58.00 44.95 39.15 8.70 21.75 50.75 69.60 63.80 82.65 15.95 62.35 60.90 47.85 39.15 91.35 56.55 34.80 49.30 71.05 2.90 81.20 49.30 58.00 31.90 5.80 42.05 89.90 65.25 81.20 8.70 95.70 33.35 92.80 2.90 87.00 47.85 104.40 81.20 49.30 17.40 5.80 94.25 66.70 46.40 14.50 60.90 75.40 36.25 20.30 66.70 27.55 53.65 11.60 50.75 15.95 39.15 50.75 71.05 49.30 11.60 46.40 88.45 84.10 101.50 82.65 56.55 34.80 4.35 49.30 63.80 82.65 4.35 30.45 98.60 18.85 69.60 58.00 81.20 47.85 82.65 17.40 62.35 79.75 37.70 102.95 14.50 17.40 55.10 69.60 58.00 94.25 34.80 46.40 49.30 46.40 42.05 47.85 2.90 18.85 69.60 5.80 10.15 18.85 63.80 8.70 26.10 62.35 66.70 43.50 76.85 71.05 56.55 13.05 89.90 62.35 15.95 40.60 24.65 79.75 104.40 26.10 8.70 13.05 88.45 97.15 53.65 24.65 49.30 10.15 78.30 44.95 43.50 104.40 46.40 62.35 89.90 4.35 59.45 44.95 104.40 104.40 39.15 72.50 85.55 27.55 2.90 13.05 84.10 53.65
LO
 0 0 1 4 5 2 1 5 0 4 0 5 5 4 0 3 3 1 3 1 0 3 1 1 4 1 2 4 3 2 1 0 3 5 5 2 3 4 0 3 3 3 5 1 3 3 0 3 0 3 5 5 1 2 3 2 0 1 4 3 3 1 4 0 1 3 4 1 4 1 4 4 0 4 2 5 0 5 5 5 2 3 3 1 2 5 1 2 4 3 2 3 4 2 1 5 2 0 5 2 0 4 0 0 5 4 3 0 3 0 2 5 2 5 1 4 3 0 4 2 4 3 5 4 1 4 3 4 1 3 4 5 2 0 4 1 2 5 3 1 1 3 5 5 2 5 2 3 3 4 5 2 3 2 1 1 3 0 1 1 1 4 4 1 3 1 1 1 1 5 2 3 4 5 3 4 2 0 1 5 3 2 5 3 0 3 1 1 0 4 4 0 3 5 0 3 1 0 1 3 2 2 5 4 1 1 0 0 3 1 2 3 4 0 4 0 1 2 1 5 5 5 5 5 4 4 0 2 0 2 2 5 1 3 0 1 2 1 1 3 2 5 1 1 4 3 4 3 2 2
D
 671 707 956 166 107 163 174 343 291 992 621 717 449 454 713 221 941 444 859 381 771 369 117 816 164 422 902 151 267 617 430 423 289 796 319 718 697 237 822 383 240 593 791 408 204 550 103 533 174 175 754 446 336 687 892 158 529 277 802 832 239 190 345 938 713 694 763 377 525 310 721 591 535 290 905 255 305 982 826 725 345 358 463 694 196 185 613 107 525 191 552 437 584 546 193 986 108 643 783 106 604 414 481 503 656 952 890 464 958 960 201 312 684 344 862 549 822 816 491 239 627 121 525 475 541 282 371 530 955 479 189 239 460 646 279 984 858 190 354 376 803 330 981 833 243 130 454 417 373 472 974 203 879 803 714 217 320 412 372 673 777 868 825 127 105 176 788 498 760 898 397 848 543 613 502 151 474 143 919 787 369 435 315 111 370 607 843 932 431 614 108 834 225 376 296 280 549 430 872 426 498 249 178 395 855 853 217 818 447 306 386 732 108 629 290 816 911 904 812 405 501 932 177 224 316 979 956 109 510 447 700 240 274 284 843 907 579 631 206 698 228 214 929 512 942 143 352 800 249 162
OS
 1 1 1 0 0 1 0 1 0 0 1 0 0 1 0 0 1 0 1 0 1 0 1 1 1 1 0 1 1 0 1 0 0 0 1 0 1 0 1 1 1 0 0 1 0 0 1 0 1 1 1 0 0 1 0 1 0 1 1 1 1 0 1 0 1 0 1 0 1 1 1 1 1 1 1 0 0 1 0 1 1 1 0 1 1 0 0 1 0 0 1 0 1 1 1 1 0 1 0 1 1 1 0 1 1 1 0 0 0 0 0 1 0 0 0 1 1 1 0 0 1 0 0 1 0 0 1 0 1 0 1 0 1 0 0 0 1 1 0 1 0 0 1 1 1 0 0 0 1 1 1 0 1 1 1 1 0 1 0 1 1 1 1 1 0 0 0 1 0 1 1 0 0 0 0 1 1 1 1 0 1 0 1 1 1 1 1 0 1 0 1 0 1 0 0 1 1 0 0 0 1 0 1 0 0 0 0 1 1 1 1 1 0 0 1 1 1 1 0 1 1 1 1 0 0 0 1 0 0 0 0 1 1 0 0 1 1 0 0 1 0 1 0 1 1 1 0 0 0 0
F
 29574720 10352160 40451040 4485600 17277120 43071840 14374080 38183040 10120320 35925120 28647360 2731680 21581280 36741600 15946560 37497600 27851040 13487040 29725920 4616640 19787040 35159040 8699040 39211200 6027840 7025760 38213280 7035840 9303840 12337920 9243360 14515200 1199520 1985760 5937120 39644640 32397120 32326560 35249760 15291360 16652160 14565600 15543360 6541920 22942080 34231680 14918400 3548160 37094400 36237600 35108640 13507200 43464960 25855200 36489600 5513760 22770720 28879200 21823200 6390720 4505760 27810720 2187360 20926080 42517440 16773120 28032480 1713600 32891040 16057440 32870880 655200 24071040 27760320 3417120 13708800 14797440 32991840 14364000 20119680 27790560 34251840 19978560 32699520 9646560 11803680 33909120 18567360 17831520 27972000 26066880 12075840 27659520 31258080 14333760 13063680 17267040 20260800 13315680 13890240 14283360 23637600 18698400 16208640 3346560 8961120 20623680 28506240 26238240 34413120 6380640 25452000 25361280 19353600 15966720 37679040 23103360 14394240 20190240 29534400 1159200 33596640 20220480 23748480 13023360 2409120 17337600 37164960 26691840 33586560 3124800 39765600 13728960 38263680 1058400 35915040 19686240 43344000 33364800 19978560 7096320 2338560 39070080 27659520 18879840 5685120 25250400 30895200 15099840 8305920 27599040 11098080 21823200 4536000 21157920 6471360 16198560 20805120 29504160 20210400 4697280 18879840 36449280 34896960 42013440 33919200 23163840 14101920 1229760 20280960 26238240 33989760 1391040 12499200 40944960 7257600 28607040 24040800 33697440 19847520 34392960 7086240 25623360 32760000 15573600 42840000 5886720 6723360 22811040 28637280 23607360 39060000 14212800 19111680 20422080 19010880 17458560 19555200 1058400 7721280 28677600 2046240 3880800 7680960 26369280 3376800 10694880 25653600 27709920 17609760 31620960 29292480 23486400 5433120 37336320 25935840 6400800 16329600 10059840 32840640 43021440 10684800 3608640 4868640 36459360 40501440 21792960 9868320 20291040 4011840 32477760 18678240 17892000 42971040 19252800 25572960 37346400 1481760 24595200 18365760 43434720 43394400 16269120 29907360 35521920 11098080 776160 4838400 34776000 22075200
M
 3 2 2 1 2 2 1 1 3 2 3 3 2 4 4 1 2 4 3 4 4 4 1 4 2 3 3 2 3 2 4 4 3 2 3 2 2 2 2 2 1 4 4 4 1 1 4 4 1 2 1 3 4 1 3 1 3 2 4 1 3 3 3 2 3 2 1 2 3 1 3 1 4 3 1 2 3 1 1 2 3 3 2 1 4 1 2 4 4 2 2 1 4 1 1 4 2 3 1 3 4 4 1 2 1 2 1 3 3 4 4 3 3 1 2 4 4 4 1 2 3 4 3 2 1 4 4 4 4 4 2 3 1 1 4 4 3 1 3 4 4 2 2 1 2 4 2 1 3 2 3 1 2 3 3 4 4 3 1 4 2 4 1 3 4 2 2 3 1 3 3 2 4 2 3 4 4 4 4 3 1 4 1 2 3 4 1 3 3 4 3 1 2 3 1 4 2 4 1 1 3 2 3 3 3 2 2 2 3 2 1 1 2 1 3 1 1 4 4 2 1 3 2 3 3 4 4 3 3 3 2 2 2 3 4 1 2 1 3 3 1 2 3 1 3 2 1 4 2 3
