## - cloud resource specifications
numberOfClouds 
 3
packagename
 m3.medium m3.large m3.xlarge m3.2xlarge c3.large c3.xlarge c3.2xlarge c3.4xlarge c3.8xlarge r3.large r3.xlarge r3.2xlarge r3.4xlarge r3.8xlarge i2.xlarge i2.2xlarge i2.4xlarge i2.8xlarge n1-standard-1 n1-standard-2 n1-standard-4 n1-standard-8 n1-standard-16 n1-highcpu-2 n1-highcpu-4 n1-highcpu-8 n1-highcpu-16 n1-highmem-2 n1-highmem-4 n1-highmem-8 n1-highmem-16 A0 A1 A2 A3 A4 A5 A6 A7 D1 D2 D3 D4 D11 D12 D13 D14 A10 A11
package
 18 13 18
Gflops
 190 380 760 1520 426 852 1704 3408 6816 380 760 1520 3040 6080 760 1520 3040 6080 159 317 634 1268 2536 317 634 1268 2536 317 634 1268 2536 168 168 335 670 1340 670 1340 2680 335 670 1340 2680 670 1340 2680 5360 3040 6080
ram
 3.75 7.5 15 30 3.75 7.5 15 30 60 15.25 30.5 61 122 244 30.5 61 122 244 3.75 7.5 15 30 60 1.8 3.6 7.2 14.4 13 26 52 104 0.75 1.75 3.5 7.0 14.0 14.0 28.0 56.0 3.5 7.0 14.0 28.0 14.0 28.0 56.0 112.0 56.0 112.0
disk
 4.0 32.0 80.0 160.0 32.0 80.0 160.0 320.0 640.0 32.0 80.0 160.0 320.0 640.0 800.0 1600.0 3200.0 6400.0 100.0 250.0 500.0 750.0 1000.0 250.0 500.0 750.0 1000.0 250.0 500.0 750.0 1000.0 20.0 70.0 135.0 285.0 605.0 135.0 285.0 605.0 50.0 100.0 200.0 400.0 100.0 200.0 400.0 800.0 382.0 382.0
locationProvider
 7 3 8
locationID
 1 1 2 2 3 4 5 1 2 3 1 2 2 3 3 4 4 5
priceOS0
 0.07 0.14 0.28 0.56 0.105 0.21 0.42 0.84 1.68 0.175 0.35 0.7 1.4 2.8 0.853 1.705 3.41 6.82 0.077 0.154 0.308 0.616 0.12 0.239 0.478 0.956 1.912 0.195 0.39 0.78 1.56 3.12 0.938 1.876 3.751 7.502 0.077 0.154 0.308 0.616 0.12 0.239 0.478 0.956 1.912 0.195 0.39 0.78 1.56 3.12 0.938 1.876 3.751 7.502 0.083 0.166 0.332 0.665 0.129 0.258 0.516 1.032 2.064 0.21 0.421 0.842 1.684 3.369 1.013 2.026 4.051 8.102 0.098 0.196 0.392 0.784 0.132 0.265 0.529 1.058 2.117 0.21 0.42 0.84 1.68 3.36 1.018 2.035 4.07 8.14 0.101 0.203 0.405 0.81 0.128 0.255 0.511 1.021 2.043 0.21 0.42 0.84 1.68 3.36 1.001 2.001 4.002 8.004 0.098 0.196 0.392 0.784 0.132 0.265 0.529 1.058 2.117 0.21 0.42 0.84 1.68 3.36 1.018 2.035 4.07 8.14 0.122 0.255 0.510 1.521 2.924 0.275 0.550 1.601 3.084 0.237 0.474 1.449 2.780 0.126 0.263 0.526 1.553 2.988 0.285 0.570 1.641 3.164 0.243 0.486 1.473 2.828 0.126 0.263 0.526 1.553 2.988 0.285 0.570 1.641 3.164 0.243 0.486 1.473 2.828 0.02 0.06 0.12 0.24 0.48 0.25 0.5 1.0 0.094 0.188 0.376 0.752 0.238 0.476 0.857 1.542 1.16 2.08 0.02 0.06 0.12 0.24 0.48 0.248 0.496 0.992 0.094 0.188 0.376 0.752 0.238 0.476 0.857 1.542 1.33 2.39 0.02 0.06 0.12 0.24 0.48 0.27 0.54 1.08 0.115 0.23 0.46 0.92 0.273 0.546 0.983 1.769 1.33 2.39 0.02 0.06 0.12 0.24 0.48 0.294 0.588 1.176 0.138 0.276 0.552 1.104 0.295 0.59 1.062 1.912 1.51 2.7 0.02 0.06 0.12 0.24 0.48 0.27 0.54 1.08 0.12 0.24 0.48 0.96 0.256 0.512 0.922 1.659 1.33 2.39 0.024 0.081 0.162 0.324 0.648 0.281 0.562 1.124 0.142 0.284 0.568 1.136 0.295 0.59 1.062 1.912 1.51 2.7 0.021 0.073 0.146 0.292 0.584 0.258 0.516 1.032 0.123 0.246 0.492 0.984 0.256 0.512 0.922 1.659 1.33 2.39 0.029 0.071 0.142 0.284 0.568 0.278 0.556 1.112 0.12 0.239 0.478 0.956 0.256 0.512 0.922 1.66 1.33 2.39
priceOS1
 0.133 0.266 0.532 1.064 0.188 0.376 0.752 1.504 3.008 0.3 0.6 1.08 1.944 3.5 0.973 1.946 3.891 7.782 0.133 0.266 0.532 1.064 0.188 0.376 0.752 1.504 3.008 0.3 0.6 1.08 1.944 3.5 0.973 1.946 3.891 7.782 0.14 0.28 0.56 1.12 0.188 0.376 0.752 1.504 3.008 0.33 0.652 1.173 2.111 3.8 1.058 2.116 4.232 8.464 0.146 0.292 0.584 1.169 0.212 0.424 0.848 1.696 3.392 0.335 0.671 1.222 2.228 4.069 1.133 2.267 4.532 9.064 0.161 0.322 0.644 1.288 0.238 0.477 0.935 1.906 3.813 0.323 0.646 1.192 2.447 4.6 1.169 2.337 4.674 9.348 0.151 0.302 0.603 1.206 0.231 0.462 0.925 1.849 3.699 0.31 0.62 1.219 2.276 4.25 1.113 2.226 4.451 8.903 0.161 0.322 0.644 1.288 0.238 0.477 0.935 1.906 3.813 0.323 0.646 1.192 2.447 4.6 1.169 2.337 4.674 9.348 0.102 0.215 0.430 0.801 1.484 0.235 0.470 0.881 1.644 0.197 0.394 0.729 1.340 0.106 0.223 0.446 0.833 1.548 0.245 0.490 0.921 1.724 0.203 0.406 0.753 1.388 0.106 0.223 0.446 0.833 1.548 0.245 0.490 0.921 1.724 0.203 0.406 0.753 1.388 0.02 0.09 0.18 0.36 0.72 0.33 0.66 1.32 0.171 0.342 0.684 1.368 0.403 0.806 1.451 2.611 1.64 3.04 0.02 0.09 0.18 0.36 0.72 0.3 0.6 1.2 0.159 0.318 0.636 1.272 0.366 0.732 1.318 2.372 1.89 3.5 0.02 0.09 0.18 0.36 0.72 0.34 0.68 1.36 0.183 0.366 0.732 1.464 0.421 0.842 1.516 2.728 1.89 3.5 0.02 0.09 0.18 0.36 0.72 0.36 0.72 1.44 0.224 0.448 0.896 1.792 0.453 0.906 1.631 2.935 2.13 3.95 0.02 0.09 0.18 0.36 0.72 0.32 0.64 1.28 0.195 0.39 0.78 1.56 0.394 0.788 1.418 2.553 1.89 3.5 0.024 0.106 0.212 0.424 0.848 0.35 0.7 1.4 0.211 0.422 0.844 1.688 0.436 0.872 1.57 2.825 2.13 3.95 0.021 0.095 0.19 0.38 0.76 0.31 0.62 1.24 0.183 0.366 0.732 1.464 0.378 0.756 1.361 2.449 1.89 3.5 0.029 0.113 0.226 0.452 0.904 0.349 0.698 1.396 0.196 0.393 0.786 1.571 0.394 0.788 1.419 2.554 1.89 3.5
# - client 2 requirements:
N
1000
Tf
 5 3 4 5 5 2 3 5 5 3 3 3 2 4 5 3 5 2 3 4 2 3 5 3 3 4 2 2 2 3 4 3 4 5 3 4 4 3 4 5 2 4 3 5 2 5 4 5 4 2 5 3 2 4 5 3 3 3 3 3 2 5 5 2 4 4 4 4 3 4 2 3 2 5 3 2 2 5 2 5 5 5 4 3 4 3 5 5 4 4 4 4 4 5 3 3 4 3 2 5 5 5 3 2 2 4 2 5 4 4 2 4 2 5 5 5 3 3 5 5 5 5 5 2 5 5 4 5 3 4 2 2 2 3 2 2 3 4 2 3 4 2 2 5 5 5 2 4 3 2 4 3 2 4 5 2 2 2 4 4 2 3 2 4 2 4 2 5 2 4 2 4 4 5 3 5 3 2 5 4 4 3 4 4 2 5 2 2 5 5 4 3 3 4 4 4 2 3 5 2 4 4 3 4 3 3 2 3 2 2 4 5 2 2 4 4 2 3 2 3 4 3 5 4 2 3 5 5 3 2 2 4 3 4 4 4 5 5 4 3 2 2 2 4 2 2 2 5 4 2 3 5 2 2 3 3 2 4 4 5 3 2 3 4 4 4 2 3 2 5 5 3 5 4 5 4 2 4 2 4 5 3 2 5 3 4 3 5 5 4 4 4 3 2 3 2 5 4 4 2 5 2 4 4 3 2 2 3 3 4 5 2 4 4 2 4 3 2 5 2 3 2 3 3 4 2 3 2 3 4 3 4 3 4 3 3 5 2 5 2 3 3 3 5 3 5 3 4 4 3 5 5 4 5 5 5 4 3 4 4 5 2 2 3 5 3 5 3 4 5 2 5 2 4 5 3 2 4 3 5 5 4 4 5 4 2 2 4 3 3 5 4 3 2 4 2 5 4 4 5 2 4 5 2 5 5 3 4 3 2 5 3 2 4 2 3 2 2 2 3 5 2 4 4 3 5 3 4 4 4 2 4 5 5 5 3 5 5 4 4 3 2 2 4 2 3 4 4 5 4 2 2 3 3 3 2 5 5 3 4 4 4 3 5 3 2 2 3 4 3 4 5 4 5 5 4 3 5 5 4 4 3 4 5 3 3 3 3 5 3 4 5 3 3 4 5 4 4 4 2 3 4 4 2 3 2 3 4 5 3 5 3 3 3 3 5 4 2 4 2 5 5 4 4 2 4 4 4 2 2 3 4 4 5 3 5 3 2 3 5 2 4 5 3 2 3 5 3 5 2 3 4 2 5 4 2 3 2 2 4 4 4 4 2 2 5 4 5 3 3 2 5 5 3 5 3 4 3 5 3 4 2 5 4 3 3 4 4 4 2 4 2 2 2 2 4 4 3 5 2 2 5 4 2 3 5 3 2 5 3 3 5 4 2 2 2 4 4 4 2 5 3 2 2 4 3 2 5 2 3 5 4 4 3 2 2 4 5 4 4 4 5 4 2 3 5 2 3 3 3 5 4 4 4 3 4 3 3 4 2 2 3 3 4 2 2 5 4 3 3 3 2 3 4 2 5 5 4 4 2 4 5 2 3 3 3 2 3 3 4 4 4 3 4 5 4 2 4 2 4 2 3 5 4 4 5 2 2 4 2 2 4 2 5 5 4 3 2 4 4 5 3 4 4 3 5 3 5 2 2 4 2 5 3 4 5 2 5 5 2 2 4 3 5 5 2 3 2 4 5 3 4 3 4 4 3 5 4 2 5 4 4 4 2 2 2 5 4 5 4 2 2 2 5 4 3 5 2 4 3 3 5 4 5 5 2 4 3 5 4 4 5 2 5 4 5 4 5 4 2 2 5 4 5 4 2 5 3 4 3 2 2 3 3 3 2 4 5 2 2 3 5 4 2 5 5 3 3 3 2 2 2 5 3 5 3 2 4 4 4 4 2 2 2 3 2 3 4 5 2 4 2 5 2 2 3 4 2 2 4 4 3 3 3 4 5 4 5 3 4 5 5 5 4 2 4 3 2 5 3 2 4 5 5 4 2 5 4 5 4 5 5 4 4 4 3 2 3 4 2 3 2 3 3 3 2 4 4 4 4 4 2 3 5 3 3 5 3 4 3 5 5 4 3 5 4 4 4 5 5 2 3 4 2 4 2 4 3 2 2 3 2 4 5 2 3 2 3 2 4 5 3 3 5 5 4 2 4 5 2 4 2 4 3 5 2 3 4 2 4 4 4 3 2 2 2 5 2 4 3 2 5 3 4 3 2 4 5 3 3 2 3 2 5 5 2 5 2 3 4
C
 0.56 0.56 0.56 0.56 0.56 0.56 0.56 0.56 0.56 0.56 0.56 0.56 0.56 0.56 0.56 0.56 0.56 0.56 1.12 0.56 0.56 0.56 0.56 0.56 0.56 0.56 0.56 0.56 0.56 0.56 0.56 0.56 0.56 0.56 0.56 0.56 0.56 0.56 0.56 0.56 0.56 0.56 0.56 0.56 1.12 0.56 0.56 0.56 0.56 0.56 0.56 0.56 0.56 0.56 0.56 0.56 0.56 0.56 0.56 0.56 0.56 0.56 0.56 0.56 0.56 0.56 0.56 1.12 0.56 0.56 0.56 0.56 0.56 0.56 0.56 0.56 0.56 0.56 0.56 0.56 0.56 0.56 0.56 0.56 0.56 0.56 0.56 0.56 0.56 0.56 0.56 0.56 0.56 0.56 0.56 0.56 0.56 0.56 0.56 0.56 0.56 0.56 0.56 0.56 0.56 0.56 0.56 0.56 0.56 0.56 0.56 0.56 0.56 0.56 0.56 0.56 0.56 0.56 0.56 0.56 0.56 0.56 0.56 0.56 0.56 0.56 0.56 0.56 0.56 0.56 0.56 0.56 0.56 0.56 0.56 0.56 0.56 0.56 0.56 0.56 0.56 0.56 0.56 0.56 0.56 0.56 0.56 0.56 0.56 0.56 0.56 0.56 0.56 0.56 0.56 0.56 0.56 0.56 0.56 0.56 0.56 0.56 0.56 0.56 0.56 0.56 0.56 0.56 0.56 0.56 0.56 0.56 0.56 0.56 0.56 0.56 0.56 0.56 1.12 0.56 0.56 0.56 0.56 0.56 1.12 0.56 0.56 0.56 0.56 0.56 0.56 0.56 0.56 0.56 0.56 0.56 0.56 0.56 0.56 0.56 0.56 0.56 0.56 0.56 0.56 0.56 0.56 0.56 0.56 0.56 0.56 0.56 0.56 0.56 0.56 1.12 0.56 0.56 0.56 0.56 0.56 0.56 0.56 0.56 0.56 0.56 0.56 0.56 0.56 0.56 0.56 0.56 0.56 0.56 0.56 0.56 0.56 0.56 0.56 0.56 0.56 0.56 0.56 0.56 0.56 0.56 0.56 0.56 0.56 0.56 0.56 0.56 0.56 0.56 0.56 0.56 0.56 0.56 0.56 0.56 0.56 0.56 0.56 0.56 0.56 0.56 0.56 0.56 0.56 0.56 0.56 0.56 0.56 0.56 0.56 0.56 0.56 0.56 0.56 0.56 0.56 0.56 0.56 0.56 0.56 0.56 0.56 0.56 0.56 0.56 0.56 0.56 0.56 0.56 0.56 0.56 0.56 0.56 1.12 0.56 0.56 0.56 0.56 0.56 0.56 0.56 0.56 0.56 0.56 0.56 0.56 0.56 0.56 0.56 0.56 0.56 0.56 0.56 0.56 0.56 0.56 0.56 0.56 0.56 0.56 0.56 0.56 0.56 0.56 0.56 0.56 0.56 0.56 0.56 0.56 0.56 0.56 0.56 0.56 0.56 0.56 0.56 0.56 1.12 0.56 0.56 0.56 0.56 0.56 0.56 0.56 0.56 0.56 0.56 0.56 0.56 0.56 0.56 0.56 0.56 0.56 0.56 0.56 0.56 0.56 0.56 0.56 0.56 0.56 0.56 0.56 0.56 0.56 0.56 0.56 0.56 0.56 0.56 0.56 0.56 0.56 0.56 0.56 0.56 0.56 0.56 0.56 0.56 0.56 0.56 0.56 0.56 0.56 0.56 0.56 0.56 0.56 0.56 0.56 0.56 0.56 0.56 0.56 0.56 0.56 0.56 0.56 0.56 0.56 0.56 0.56 0.56 0.56 0.56 0.56 0.56 0.56 0.56 0.56 0.56 0.56 0.56 0.56 0.56 0.56 0.56 0.56 0.56 0.56 0.56 0.56 0.56 0.56 0.56 0.56 0.56 0.56 0.56 0.56 0.56 0.56 0.56 0.56 0.56 0.56 0.56 1.12 0.56 0.56 0.56 0.56 0.56 0.56 0.56 0.56 0.56 0.56 0.56 0.56 0.56 0.56 0.56 0.56 0.56 0.56 0.56 0.56 0.56 0.56 0.56 0.56 0.56 0.56 0.56 0.56 0.56 0.56 0.56 0.56 0.56 0.56 0.56 0.56 0.56 0.56 0.56 0.56 0.56 0.56 0.56 0.56 0.56 0.56 0.56 0.56 0.56 0.56 0.56 0.56 0.56 0.56 0.56 0.56 0.56 0.56 0.56 0.56 0.56 1.12 0.56 0.56 0.56 0.56 0.56 0.56 0.56 0.56 0.56 0.56 0.56 0.56 0.56 0.56 0.56 0.56 0.56 0.56 0.56 0.56 0.56 0.56 0.56 0.56 0.56 0.56 0.56 0.56 0.56 0.56 0.56 0.56 0.56 0.56 0.56 0.56 0.56 0.56 1.12 0.56 0.56 0.56 0.56 0.56 0.56 0.56 0.56 0.56 0.56 0.56 0.56 0.56 0.56 0.56 0.56 0.56 0.56 0.56 1.12 1.12 0.56 0.56 0.56 0.56 0.56 0.56 0.56 0.56 0.56 0.56 0.56 0.56 0.56 0.56 0.56 0.56 0.56 0.56 0.56 0.56 0.56 0.56 0.56 0.56 0.56 0.56 0.56 0.56 0.56 0.56 0.56 0.56 0.56 0.56 0.56 0.56 0.56 0.56 1.12 0.56 0.56 0.56 0.56 0.56 0.56 0.56 0.56 0.56 0.56 0.56 0.56 0.56 0.56 0.56 0.56 0.56 0.56 0.56 0.56 0.56 0.56 0.56 0.56 0.56 0.56 0.56 0.56 0.56 0.56 0.56 0.56 0.56 0.56 0.56 0.56 0.56 0.56 0.56 0.56 0.56 0.56 0.56 0.56 0.56 0.56 0.56 0.56 0.56 0.56 0.56 0.56 0.56 0.56 0.56 0.56 0.56 0.56 0.56 0.56 0.56 0.56 0.56 0.56 0.56 0.56 0.56 0.56 0.56 0.56 0.56 0.56 0.56 0.56 0.56 0.56 0.56 0.56 0.56 0.56 0.56 0.56 0.56 0.56 0.56 0.56 0.56 0.56 0.56 0.56 0.56 0.56 0.56 0.56 0.56 0.56 0.56 0.56 0.56 0.56 0.56 0.56 0.56 0.56 0.56 0.56 0.56 0.56 0.56 0.56 0.56 0.56 0.56 0.56 0.56 0.56 0.56 0.56 0.56 0.56 0.56 1.12 0.56 0.56 0.56 0.56 0.56 0.56 0.56 0.56 0.56 0.56 0.56 0.56 0.56 0.56 0.56 0.56 0.56 0.56 0.56 0.56 0.56 0.56 0.56 0.56 0.56 0.56 0.56 0.56 0.56 0.56 0.56 0.56 0.56 0.56 0.56 0.56 0.56 0.56 0.56 0.56 0.56 0.56 0.56 0.56 0.56 0.56 0.56 0.56 0.56 1.12 0.56 0.56 0.56 0.56 0.56 0.56 0.56 0.56 0.56 0.56 0.56 0.56 0.56 0.56 0.56 0.56 0.56 0.56 0.56 0.56 0.56 0.56 0.56 0.56 0.56 0.56 0.56 0.56 0.56 0.56 0.56 0.56 0.56 0.56 0.56 0.56 0.56 0.56 0.56 0.56 0.56 0.56 0.56 0.56 0.56 0.56 0.56 0.56 0.56 0.56 0.56 0.56 0.56 0.56 0.56 0.56 0.56 0.56 0.56 0.56 0.56 0.56 0.56 0.56 0.56 0.56 0.56 0.56 0.56 0.56 0.56 0.56 0.56 0.56 0.56 0.56 0.56 0.56 0.56 0.56 1.12 0.56 0.56 0.56 0.56 0.56 0.56 0.56 0.56 0.56 0.56 0.56 0.56 0.56 1.12 0.56 0.56 0.56 0.56 0.56 0.56 0.56 0.56 0.56 0.56 0.56 0.56 0.56 0.56 0.56 0.56 0.56 0.56 0.56 0.56 0.56 0.56 0.56 0.56 0.56 0.56 0.56 0.56 0.56 0.56 0.56 0.56 0.56 0.56 0.56 0.56 0.56 0.56 0.56 0.56 0.56 0.56 0.56 0.56 0.56 0.56 0.56 0.56 0.56 0.56 0.56 0.56 0.56 0.56 0.56 0.56 0.56 0.56 0.56 0.56 0.56 0.56 0.56 0.56 0.56 0.56 0.56 0.56 0.56 0.56 0.56 0.56 0.56 0.56 0.56 0.56 0.56 0.56 0.56 0.56 0.56 0.56 0.56 0.56 0.56 0.56 0.56 0.56 0.56 0.56 0.56 0.56 0.56 0.56 0.56 0.56 0.56 0.56 0.56 0.56 0.56 0.56 0.56 0.56 0.56 0.56 0.56 0.56 0.56 0.56 0.56 0.56 0.56 0.56 0.56 0.56 0.56 0.56 0.56 0.56 0.56 0.56 0.56 0.56 0.56
LO
 1 5 2 3 1 2 4 5 1 0 4 3 2 2 5 2 4 0 3 4 0 1 4 5 0 5 2 3 1 1 0 1 3 5 3 2 1 0 1 5 0 1 1 3 0 5 1 0 5 0 5 4 5 5 0 0 2 5 3 4 3 5 0 5 1 2 3 3 1 1 4 4 3 1 5 1 2 5 4 1 1 0 0 5 4 2 4 5 5 4 3 5 0 5 2 0 5 1 3 2 2 4 3 4 2 4 1 3 4 3 1 5 4 1 0 2 3 3 4 3 2 1 1 0 0 1 2 0 2 4 1 1 0 2 0 4 4 1 0 5 5 2 1 5 4 2 0 3 4 4 2 0 3 5 5 3 3 0 0 2 3 2 4 5 1 2 1 0 4 1 2 5 4 4 0 2 3 5 5 1 1 0 0 4 2 2 2 4 5 0 0 1 0 0 5 4 4 0 2 0 2 3 1 4 1 3 4 4 4 1 4 4 1 3 0 4 0 1 2 2 3 5 4 0 5 0 1 2 4 0 5 0 4 1 2 2 0 1 1 0 4 3 2 0 3 5 4 2 0 3 2 1 4 1 4 4 4 2 0 5 5 2 2 2 3 0 4 3 4 4 5 3 2 3 4 5 5 3 3 1 3 0 4 5 0 1 2 5 3 1 5 5 5 4 2 1 0 1 3 1 3 5 4 4 1 4 3 4 4 1 0 0 1 2 5 0 5 3 0 2 0 1 1 1 3 1 0 1 1 4 1 4 4 1 0 0 1 3 4 3 2 1 3 4 2 2 1 1 0 3 0 1 0 4 5 1 1 1 2 3 1 4 1 5 3 1 3 1 0 2 0 3 5 3 3 0 5 2 2 0 3 4 0 4 2 4 5 5 1 4 5 0 1 1 2 0 4 3 1 2 2 0 1 0 4 5 1 4 3 2 5 0 0 0 2 5 2 1 5 1 0 5 3 3 3 0 5 3 0 3 5 2 0 0 0 0 3 0 5 1 3 2 5 2 1 3 2 0 4 2 0 1 3 0 0 4 1 0 0 0 3 5 2 2 5 4 5 0 1 1 2 0 3 4 3 1 2 4 5 0 3 5 3 1 2 0 1 4 2 4 0 3 0 4 4 3 2 3 5 0 4 4 0 1 5 0 0 2 1 1 3 5 0 4 5 2 1 5 2 0 1 1 5 3 2 3 4 4 5 0 0 3 2 5 5 3 2 0 3 5 4 4 1 4 4 0 1 0 5 5 4 5 2 5 4 1 3 3 0 0 4 3 3 2 4 4 5 0 4 4 5 5 1 0 4 2 3 0 3 1 3 5 5 4 3 4 1 3 1 4 1 1 2 3 0 0 1 3 2 4 2 5 0 4 2 3 0 3 5 4 1 1 1 1 3 4 3 1 1 4 2 4 3 2 2 5 5 0 5 5 0 2 5 5 4 2 3 5 0 2 3 5 4 0 1 3 0 1 3 2 1 5 5 3 3 2 5 4 3 2 4 4 3 1 1 0 0 3 0 0 3 2 4 0 5 5 5 3 2 4 4 1 0 4 4 4 5 1 5 4 0 1 3 2 5 3 1 1 3 0 4 3 3 0 0 4 5 0 0 5 1 4 4 4 1 2 2 3 1 4 0 3 4 5 4 4 2 0 5 1 0 3 5 1 0 3 1 1 0 5 0 4 1 2 5 2 3 2 4 2 3 2 5 3 1 0 2 2 0 2 0 4 3 0 5 3 4 4 2 2 3 2 4 3 3 5 3 0 3 4 3 4 3 2 1 3 5 2 1 1 3 0 4 5 3 5 3 3 5 4 0 4 2 3 3 5 1 3 2 1 4 2 0 3 1 5 4 5 5 5 3 3 3 1 2 3 5 2 2 2 5 5 4 1 3 5 0 2 4 5 2 3 3 5 0 5 1 2 0 5 3 2 5 0 5 5 1 3 4 4 0 1 2 4 2 2 3 4 4 4 4 0 2 5 3 2 1 4 3 4 4 2 1 3 2 5 1 4 1 3 2 0 5 2 4 0 0 4 2 2 4 5 5 3 0 2 1 3 1 3 0 3 1 1 2 2 4 5 4 5 1 0 3 0 3 3 1 0 1 5 0 5 4 0 2 3 5 4 1 1 1 0 2 0 5 3 5 5 3 5 3 0 3 3 2 3 5 5 0 1 0 4 2 3 2 0 5 3 2 0 2 2 4 1 0 0 5 5 1 2 0 2 0 0 2 0 2 0 2 3 1 5 3 4 5 1 5 2 3 3
D
 418 339 739 903 222 223 150 713 899 207 132 612 476 420 264 473 716 217 667 429 515 779 938 365 329 410 630 800 183 747 444 573 334 114 378 144 772 627 859 131 345 373 959 463 671 225 453 160 790 152 903 456 597 740 767 138 771 868 234 185 452 665 594 785 258 480 261 109 309 367 128 764 777 217 331 946 735 158 982 773 961 710 764 791 637 592 465 296 638 727 738 212 607 874 243 147 636 787 782 294 952 767 989 783 988 131 848 789 963 648 277 891 439 711 172 666 293 140 688 344 318 159 631 851 575 358 901 132 556 511 394 608 188 393 932 304 381 876 171 303 408 303 872 495 539 299 801 296 285 462 288 395 976 948 703 653 469 462 606 381 258 920 736 769 218 295 891 446 384 361 740 498 747 960 784 744 539 801 490 932 224 765 929 406 675 843 757 689 531 565 604 714 475 357 190 322 447 781 659 909 827 527 656 658 999 536 107 955 170 202 885 275 730 390 463 475 282 884 211 178 525 962 369 229 477 340 803 777 797 777 907 205 657 608 865 682 603 447 310 297 335 132 683 661 321 881 783 671 977 731 989 927 669 663 166 306 185 755 372 561 179 467 327 697 822 773 728 918 893 293 694 898 242 958 862 612 835 370 223 674 766 630 767 743 284 841 984 501 968 459 875 190 976 193 295 673 375 556 859 481 773 442 479 617 560 284 353 635 380 284 777 744 879 154 840 435 655 530 862 494 593 540 881 245 903 233 771 251 173 177 934 891 424 926 763 763 324 587 391 515 827 448 409 737 118 813 433 129 773 991 615 858 972 602 681 286 461 754 675 319 680 838 624 650 419 117 388 499 743 117 784 371 747 569 227 134 822 960 524 746 353 476 578 317 781 440 419 466 768 228 634 580 465 411 865 579 453 808 693 143 645 744 386 652 479 576 644 321 415 298 720 200 812 107 383 854 851 783 132 152 198 345 312 854 499 107 431 975 967 812 263 198 944 911 889 518 444 149 962 647 309 534 260 755 880 137 908 838 435 660 300 196 886 652 180 296 769 844 997 524 823 808 986 546 723 969 394 305 180 390 582 377 930 961 130 303 716 717 844 555 851 167 405 100 536 933 286 753 869 665 860 846 852 338 769 788 875 569 826 821 241 822 954 133 900 682 344 831 360 244 236 857 299 465 979 880 423 477 168 507 415 186 171 494 147 575 602 159 226 625 919 132 317 887 386 164 412 575 728 745 665 641 740 973 569 748 696 482 747 616 871 939 138 109 815 580 952 590 959 663 419 586 644 704 195 390 454 262 584 766 454 829 679 598 532 894 991 285 517 908 834 235 582 495 108 997 708 751 562 123 537 501 304 665 811 817 549 259 459 706 430 882 195 372 189 230 379 771 1000 387 206 617 175 541 493 118 717 283 456 797 255 352 872 308 267 223 599 246 901 717 748 906 344 886 921 901 552 330 737 115 448 378 696 814 965 741 689 784 197 813 489 124 320 335 946 901 868 482 493 105 685 701 437 322 445 797 515 964 757 722 694 312 114 996 301 280 460 242 822 158 640 421 414 130 992 811 998 612 319 170 109 759 458 656 354 673 673 709 535 984 472 402 863 608 863 253 100 482 676 779 166 334 286 850 486 566 632 311 222 341 993 548 253 795 257 632 712 797 537 560 603 310 749 982 620 152 607 983 781 749 708 358 920 218 951 382 832 306 983 164 373 720 634 356 759 974 801 207 388 920 912 851 812 444 580 537 781 993 122 918 221 702 133 325 684 823 213 443 418 159 364 600 537 342 119 775 759 538 607 915 531 784 989 956 196 792 453 354 332 606 668 145 848 583 894 367 830 326 858 709 279 858 573 941 234 853 431 286 747 289 164 941 480 278 263 519 197 555 808 845 697 412 237 409 334 700 462 927 710 516 856 657 898 943 788 535 294 194 258 467 451 138 847 371 120 794 208 552 596 680 632 808 148 821 831 495 178 285 930 720 547 311 899 761 481 613 405 698 323 478 228 450 613 1000 344 853 527 453 148 977 144 822 547 545 872 547 884 841 615 586 626 831 697 652 603 208 298 720 873 863 585 754 266 256 874 876 557 485 571 797 930 918 459 292 324 496 462 457 753 651 494 160 782 265 281 991 221 268 434 791 239 534 444 495 557 271 973 411 917 500 501 169 104 799 816 585 302 474 882 899 927 928 314 687 758 471 590 833 669 278 174 608 225 204 946 870 774 580 749 778 241 941 577 391 311 291 114 211 811 678 638 563 354 288 323 791 440 170 940 695
OS
 0 0 1 0 1 0 1 0 1 1 1 1 0 1 0 1 1 1 1 1 0 1 0 1 1 0 0 1 1 0 0 0 0 1 0 0 1 1 0 1 1 0 0 1 0 1 1 0 0 0 0 1 0 0 1 1 1 1 1 0 1 0 1 1 1 1 1 0 0 0 1 0 1 1 0 0 0 1 0 0 1 0 1 1 0 1 0 1 1 0 1 1 1 1 0 0 1 0 1 0 1 1 0 1 0 1 1 1 0 0 0 1 1 1 1 0 1 1 1 1 0 0 0 0 0 0 0 0 0 0 0 0 1 0 1 1 1 1 1 1 1 0 0 1 1 1 1 1 1 1 0 0 0 1 1 1 0 1 0 0 1 0 0 1 1 0 1 1 1 0 0 0 1 0 1 0 1 1 1 0 1 0 1 1 0 1 0 1 0 0 0 0 0 1 0 0 0 1 1 0 1 0 1 0 1 0 1 1 1 1 1 1 1 0 0 1 0 0 0 1 1 0 1 1 1 0 0 0 0 0 0 0 0 0 0 0 1 0 0 0 0 0 0 0 0 1 1 0 0 1 0 0 1 0 1 1 0 1 0 0 0 0 0 0 0 0 0 0 1 0 1 1 1 0 1 1 1 0 1 0 1 1 1 0 0 0 1 1 0 0 0 1 1 1 0 1 0 1 1 0 0 1 0 0 1 0 1 1 1 1 1 0 1 0 1 1 1 1 1 1 1 1 0 0 0 1 0 0 0 1 0 0 0 0 0 0 1 0 1 1 0 0 0 1 0 1 0 1 0 1 0 1 1 1 1 1 0 0 1 0 1 1 1 1 0 0 0 0 0 0 0 1 1 1 1 1 0 0 0 0 0 1 0 1 0 1 1 1 0 0 0 1 1 0 0 0 0 0 0 0 0 0 1 0 0 1 1 1 1 1 0 1 1 0 0 1 1 1 0 0 0 1 0 0 0 0 0 0 1 1 1 0 1 1 1 1 1 0 0 0 1 0 0 0 0 0 0 1 0 1 1 0 1 1 0 1 0 1 0 0 1 1 0 0 1 1 0 1 1 1 1 1 0 1 1 1 0 1 0 1 1 1 1 0 1 0 1 0 0 1 1 0 0 0 1 0 1 1 0 1 1 0 0 1 1 0 1 0 1 1 0 1 1 0 1 1 0 0 0 0 0 1 0 0 1 1 1 1 1 1 0 1 1 0 0 0 0 0 0 0 0 1 0 0 1 0 1 1 0 1 0 0 0 0 1 1 1 0 1 0 0 0 0 1 0 0 1 1 1 0 0 0 0 0 0 0 1 1 0 0 0 0 0 0 1 1 1 1 0 0 0 1 0 1 1 1 1 1 0 1 0 0 1 1 0 1 1 1 0 0 1 0 0 1 1 1 1 0 0 0 0 1 0 0 0 1 1 0 0 1 0 1 0 0 1 0 0 1 0 1 1 0 1 0 1 0 0 1 0 1 0 0 0 0 0 0 1 0 1 1 1 0 0 0 0 1 0 0 1 0 1 1 0 0 1 0 0 0 1 1 0 0 0 0 1 1 0 0 1 0 0 1 0 1 1 1 1 1 1 1 1 1 0 1 0 1 1 1 0 1 1 1 1 1 0 1 1 1 0 1 1 1 1 0 1 0 0 0 0 1 1 1 1 0 1 0 1 1 0 0 0 0 1 1 0 1 1 1 1 0 0 0 0 0 1 1 1 1 0 1 0 0 1 1 0 0 1 1 1 1 1 0 1 1 0 1 0 0 1 1 1 1 0 1 1 0 1 0 0 1 0 1 0 1 0 0 1 1 1 0 0 1 0 0 0 0 0 1 0 1 0 1 0 0 0 0 0 0 1 0 0 0 1 1 0 0 0 1 0 0 1 0 0 1 1 0 1 1 0 0 0 1 0 0 1 0 0 0 1 0 0 1 0 1 1 0 1 1 0 1 0 1 0 0 0 1 0 1 1 1 0 1 0 1 1 0 1 1 0 0 0 0 0 1 1 0 1 0 1 0 1 1 1 1 0 0 0 1 1 1 1 0 0 0 1 0 0 0 1 0 1 1 1 0 1 1 1 1 1 0 1 0 0 1 1 1 1 1 1 0 1 0 0 1 0 1 0 1 1 1 1 0 1 1 0 1 0 0 0 0 0 0 1 0 1 1 1 1 0 1 0 1 1 1 1 1 0 1 0 0 1 0 1 0 1 0 0 1 0 1 1 0 0 1 0 0 1 1 1 0 1 1 1 1 0 1 0 1 0 0
F
 504000 282240 70560 90720 302400 50400 383040 463680 544320 302400 60480 20160 393120 342720 584640 403200 554400 493920 604800 211680 120960 151200 70560 372960 241920 383040 473760 433440 231840 473760 302400 302400 443520 161280 524160 514080 322560 443520 141120 292320 20160 141120 292320 372960 604800 564480 372960 181440 433440 161280 292320 403200 453600 534240 252000 463680 70560 332640 352800 181440 352800 100800 282240 463680 161280 362880 60480 604800 453600 20160 231840 171360 211680 453600 534240 120960 473760 221760 20160 30240 312480 60480 443520 564480 10080 322560 383040 262080 504000 524160 534240 302400 393120 403200 252000 252000 493920 241920 40320 514080 473760 70560 90720 312480 90720 80640 352800 504000 10080 30240 372960 584640 181440 181440 262080 252000 10080 161280 141120 463680 534240 574560 514080 191520 272160 433440 463680 252000 383040 90720 262080 181440 342720 191520 241920 262080 241920 90720 141120 322560 504000 50400 574560 594720 151200 120960 262080 181440 534240 493920 80640 372960 50400 272160 241920 191520 524160 120960 70560 80640 574560 302400 131040 312480 231840 252000 30240 181440 403200 483840 463680 302400 362880 181440 403200 221760 201600 211680 604800 594720 483840 393120 292320 514080 604800 594720 564480 443520 60480 70560 564480 403200 574560 40320 564480 60480 252000 393120 393120 393120 231840 201600 201600 433440 584640 241920 362880 524160 161280 453600 201600 383040 554400 252000 372960 604800 191520 151200 80640 60480 564480 564480 161280 564480 463680 423360 272160 161280 171360 433440 282240 211680 443520 413280 544320 362880 383040 332640 372960 594720 231840 554400 433440 131040 453600 453600 362880 120960 584640 433440 312480 352800 433440 191520 483840 362880 352800 453600 262080 90720 231840 393120 584640 564480 20160 161280 352800 252000 80640 433440 252000 211680 564480 110880 40320 564480 30240 252000 423360 70560 10080 423360 211680 534240 342720 30240 161280 292320 60480 514080 383040 413280 383040 413280 403200 171360 30240 282240 604800 90720 372960 564480 504000 252000 171360 171360 282240 252000 161280 423360 141120 262080 534240 524160 514080 161280 221760 584640 362880 90720 60480 191520 181440 231840 20160 221760 322560 60480 463680 90720 70560 534240 372960 453600 10080 30240 90720 342720 413280 463680 574560 564480 90720 604800 120960 504000 80640 534240 302400 594720 272160 342720 352800 463680 544320 161280 443520 473760 161280 534240 272160 362880 151200 564480 70560 544320 504000 473760 120960 60480 131040 352800 171360 191520 393120 211680 312480 352800 362880 161280 191520 10080 141120 141120 10080 302400 554400 231840 322560 141120 372960 413280 221760 443520 201600 201600 282240 554400 10080 504000 221760 393120 433440 534240 534240 352800 483840 332640 100800 110880 30240 50400 90720 453600 131040 393120 564480 393120 30240 493920 211680 241920 60480 302400 342720 342720 262080 433440 151200 312480 50400 141120 110880 120960 161280 322560 201600 201600 120960 564480 60480 231840 383040 554400 352800 483840 604800 80640 443520 241920 493920 100800 443520 80640 171360 362880 534240 90720 221760 413280 564480 362880 594720 453600 110880 342720 584640 564480 272160 423360 504000 141120 292320 393120 282240 191520 332640 40320 554400 302400 171360 534240 221760 131040 403200 443520 443520 564480 262080 141120 514080 594720 413280 493920 473760 141120 302400 393120 352800 241920 20160 292320 70560 443520 453600 90720 453600 413280 604800 504000 332640 231840 433440 191520 282240 231840 141120 272160 564480 282240 90720 564480 90720 332640 554400 413280 171360 211680 161280 393120 594720 574560 201600 524160 110880 282240 524160 443520 453600 403200 80640 60480 403200 90720 60480 211680 453600 604800 292320 241920 120960 423360 20160 433440 574560 433440 252000 100800 413280 221760 131040 483840 443520 272160 90720 574560 332640 604800 604800 10080 493920 332640 161280 120960 453600 544320 423360 514080 322560 30240 141120 453600 262080 90720 90720 282240 544320 241920 574560 383040 423360 453600 342720 211680 443520 574560 584640 584640 151200 70560 312480 423360 120960 393120 40320 110880 312480 604800 120960 423360 302400 221760 282240 564480 362880 131040 221760 423360 282240 292320 594720 20160 372960 393120 574560 30240 262080 282240 272160 332640 110880 171360 231840 141120 181440 514080 574560 50400 171360 20160 342720 423360 50400 423360 483840 433440 352800 262080 10080 342720 241920 90720 362880 141120 504000 262080 312480 201600 514080 433440 151200 161280 584640 60480 181440 423360 443520 372960 151200 413280 262080 252000 493920 90720 322560 342720 413280 524160 110880 564480 544320 70560 80640 131040 191520 60480 211680 483840 403200 322560 534240 524160 433440 564480 120960 231840 423360 50400 292320 10080 131040 383040 594720 352800 413280 60480 191520 161280 443520 161280 80640 403200 544320 171360 20160 332640 453600 302400 10080 362880 252000 302400 181440 161280 584640 50400 241920 100800 141120 604800 171360 262080 40320 60480 564480 574560 352800 504000 191520 161280 292320 312480 252000 50400 433440 90720 383040 211680 423360 584640 483840 544320 362880 100800 504000 302400 131040 594720 483840 413280 574560 463680 372960 50400 231840 191520 372960 161280 332640 110880 433440 40320 151200 493920 282240 20160 383040 100800 262080 604800 453600 100800 483840 60480 221760 40320 594720 443520 433440 342720 20160 433440 332640 30240 312480 372960 554400 100800 131040 151200 161280 40320 231840 302400 100800 342720 151200 534240 231840 120960 282240 514080 60480 221760 413280 453600 362880 463680 70560 272160 453600 504000 393120 403200 252000 443520 453600 30240 473760 312480 90720 141120 332640 463680 393120 100800 594720 252000 181440 544320 262080 322560 393120 90720 504000 534240 50400 131040 524160 372960 211680 262080 342720 504000 100800 161280 50400 524160 70560 191520 604800 544320 453600 453600 141120 241920 241920 60480 141120 524160 231840 312480 40320 20160 604800 514080 10080 493920 463680 322560 473760 514080 534240 544320 70560 403200 453600 524160 282240 483840 473760 524160 10080 191520 413280 403200 131040 554400 413280 483840 141120 453600 282240 50400 151200 131040 383040 534240 20160 40320 504000 50400 262080 473760 201600 110880 30240 352800 181440 20160 282240 70560 554400 30240 191520 584640 372960 282240 564480 221760 594720 40320 40320 584640 181440 493920 161280 372960 534240 100800 493920 473760 554400 120960 191520 221760 252000 90720 272160 60480 221760 241920 564480 534240 504000 80640 90720 191520 241920 231840 90720 50400 483840 393120 473760 534240 534240 302400 362880 302400 10080 473760 80640 151200 131040 372960 282240 554400 40320 151200 30240 463680 50400 90720 120960 433440 574560 312480 403200 332640 312480 594720 342720 332640 262080 292320 70560 433440 372960 282240
M
 8 6 4 4 5 6 6 5 8 7 4 5 6 7 7 5 7 8 5 7 6 4 7 7 6 6 7 8 7 4 5 5 5 6 6 6 8 6 5 4 8 4 5 8 8 5 7 5 6 8 6 6 6 5 7 6 8 5 4 7 6 6 5 7 5 4 8 8 7 5 5 7 6 5 4 7 6 4 4 5 4 4 6 6 8 8 6 5 6 7 6 8 8 7 4 4 4 5 5 8 8 5 4 6 7 8 6 4 8 7 4 7 4 7 6 5 7 5 6 6 4 5 5 6 5 8 5 5 8 8 5 7 6 6 6 8 4 4 8 8 7 4 7 7 5 4 5 6 5 5 7 7 5 7 7 6 4 4 4 8 4 7 6 6 6 6 7 8 8 6 6 4 4 4 5 7 5 4 6 6 5 7 6 7 7 8 7 7 8 7 8 5 6 7 6 6 8 6 7 7 8 6 6 4 7 8 6 8 7 8 5 4 5 7 8 8 8 5 8 6 7 4 4 6 5 5 7 8 8 8 5 5 4 7 7 4 4 7 8 8 6 7 6 4 6 6 4 5 6 8 8 5 6 5 7 4 4 6 8 6 7 6 6 4 7 5 7 7 7 7 7 5 5 7 8 8 5 6 4 8 5 8 7 7 7 4 6 6 7 8 7 7 6 8 7 5 5 7 4 5 4 7 4 6 6 8 4 4 7 7 7 6 5 7 6 5 8 4 8 6 4 8 7 8 7 7 5 5 7 5 5 5 6 8 6 7 6 5 6 7 4 4 5 5 7 4 5 5 8 7 6 5 8 6 4 8 8 7 7 7 6 4 5 5 8 5 8 4 8 4 7 5 8 8 5 8 4 4 4 8 4 5 6 4 8 7 5 8 4 4 6 7 6 7 8 4 4 7 7 4 8 7 4 5 4 7 7 4 8 8 4 8 8 8 4 7 8 4 6 4 5 6 4 8 4 8 5 4 6 6 5 8 5 6 5 6 8 4 7 5 6 7 4 8 4 7 8 7 7 7 5 7 7 8 6 6 8 8 5 8 5 8 7 4 4 5 6 4 6 6 6 4 6 4 7 4 5 4 6 6 4 6 6 6 4 5 5 4 7 8 6 5 4 7 5 4 8 5 6 7 8 6 8 5 5 7 6 6 8 7 5 5 4 8 5 6 5 5 4 6 7 7 8 7 6 5 6 7 4 8 5 5 5 6 4 7 4 5 5 7 6 7 5 8 5 7 4 7 8 6 6 4 5 5 7 6 7 8 5 5 8 6 6 7 8 7 7 4 6 5 8 5 6 8 4 7 5 6 6 7 6 4 8 5 6 4 5 4 5 6 5 4 8 4 8 4 6 8 7 4 6 8 8 8 4 6 7 7 7 8 7 5 8 8 8 4 5 8 7 6 5 5 4 5 4 8 7 6 8 5 6 5 4 4 7 4 4 8 5 7 6 4 5 7 6 5 6 7 7 8 8 4 5 4 5 5 5 5 4 4 6 7 4 5 4 5 8 5 8 5 7 8 5 4 6 8 8 4 6 5 7 4 6 6 5 4 5 6 6 7 4 7 8 7 4 6 6 4 6 5 5 7 5 6 5 5 8 5 7 8 6 4 8 5 8 8 8 5 8 4 7 4 6 4 4 6 8 8 5 8 5 5 8 8 6 5 6 6 6 7 5 5 7 5 5 7 6 7 7 6 7 6 5 8 7 5 6 8 4 6 6 6 6 8 6 6 8 8 5 7 4 8 4 7 8 8 8 8 7 4 7 7 5 5 6 4 7 6 4 6 5 8 6 4 5 5 4 4 7 6 6 4 5 7 5 7 8 5 7 7 7 8 6 7 8 4 5 4 8 7 7 4 4 5 6 5 5 6 6 6 8 4 7 4 6 6 4 8 8 8 5 6 8 6 5 4 4 8 4 6 6 4 4 7 6 7 5 6 4 7 7 7 5 6 6 6 5 5 7 6 5 8 6 5 8 5 8 8 6 6 5 6 7 8 6 5 7 4 4 6 4 8 8 8 4 6 7 6 7 8 4 7 6 7 4 8 8 5 4 6 8 6 5 4 7 7 8 4 6 6 6 6 8 4 4 4 7 6 4 5 8 5 6 6 8 6 6 7 8 8 4 7 7 8 5 4 7 8 6 8 6 5 4 5 6 5 5 5 8 5 6 5 5 6 8 7 5 8 7 5 7 4 5 4 7 6 4 8 8 7 7 8 8 5 5 5 5 8 7 4 8 7 6 4 7 6 6 4 7 8
