## - cloud resource specifications
numberOfClouds 
 3
packagename
 m3.medium m3.large m3.xlarge m3.2xlarge c3.large c3.xlarge c3.2xlarge c3.4xlarge c3.8xlarge r3.large r3.xlarge r3.2xlarge r3.4xlarge r3.8xlarge i2.xlarge i2.2xlarge i2.4xlarge i2.8xlarge n1-standard-1 n1-standard-2 n1-standard-4 n1-standard-8 n1-standard-16 n1-highcpu-2 n1-highcpu-4 n1-highcpu-8 n1-highcpu-16 n1-highmem-2 n1-highmem-4 n1-highmem-8 n1-highmem-16 A0 A1 A2 A3 A4 A5 A6 A7 D1 D2 D3 D4 D11 D12 D13 D14 A10 A11
package
 18 13 18
Gflops
 190 380 760 1520 426 852 1704 3408 6816 380 760 1520 3040 6080 760 1520 3040 6080 159 317 634 1268 2536 317 634 1268 2536 317 634 1268 2536 168 168 335 670 1340 670 1340 2680 335 670 1340 2680 670 1340 2680 5360 3040 6080
ram
 3.75 7.5 15 30 3.75 7.5 15 30 60 15.25 30.5 61 122 244 30.5 61 122 244 3.75 7.5 15 30 60 1.8 3.6 7.2 14.4 13 26 52 104 0.75 1.75 3.5 7.0 14.0 14.0 28.0 56.0 3.5 7.0 14.0 28.0 14.0 28.0 56.0 112.0 56.0 112.0
disk
 4.0 32.0 80.0 160.0 32.0 80.0 160.0 320.0 640.0 32.0 80.0 160.0 320.0 640.0 800.0 1600.0 3200.0 6400.0 100.0 250.0 500.0 750.0 1000.0 250.0 500.0 750.0 1000.0 250.0 500.0 750.0 1000.0 20.0 70.0 135.0 285.0 605.0 135.0 285.0 605.0 50.0 100.0 200.0 400.0 100.0 200.0 400.0 800.0 382.0 382.0
locationProvider
 7 3 8
locationID
 1 1 2 2 3 4 5 1 2 3 1 2 2 3 3 4 4 5
priceOS0
 0.07 0.14 0.28 0.56 0.105 0.21 0.42 0.84 1.68 0.175 0.35 0.7 1.4 2.8 0.853 1.705 3.41 6.82 0.077 0.154 0.308 0.616 0.12 0.239 0.478 0.956 1.912 0.195 0.39 0.78 1.56 3.12 0.938 1.876 3.751 7.502 0.077 0.154 0.308 0.616 0.12 0.239 0.478 0.956 1.912 0.195 0.39 0.78 1.56 3.12 0.938 1.876 3.751 7.502 0.083 0.166 0.332 0.665 0.129 0.258 0.516 1.032 2.064 0.21 0.421 0.842 1.684 3.369 1.013 2.026 4.051 8.102 0.098 0.196 0.392 0.784 0.132 0.265 0.529 1.058 2.117 0.21 0.42 0.84 1.68 3.36 1.018 2.035 4.07 8.14 0.101 0.203 0.405 0.81 0.128 0.255 0.511 1.021 2.043 0.21 0.42 0.84 1.68 3.36 1.001 2.001 4.002 8.004 0.098 0.196 0.392 0.784 0.132 0.265 0.529 1.058 2.117 0.21 0.42 0.84 1.68 3.36 1.018 2.035 4.07 8.14 0.122 0.255 0.510 1.521 2.924 0.275 0.550 1.601 3.084 0.237 0.474 1.449 2.780 0.126 0.263 0.526 1.553 2.988 0.285 0.570 1.641 3.164 0.243 0.486 1.473 2.828 0.126 0.263 0.526 1.553 2.988 0.285 0.570 1.641 3.164 0.243 0.486 1.473 2.828 0.02 0.06 0.12 0.24 0.48 0.25 0.5 1.0 0.094 0.188 0.376 0.752 0.238 0.476 0.857 1.542 1.16 2.08 0.02 0.06 0.12 0.24 0.48 0.248 0.496 0.992 0.094 0.188 0.376 0.752 0.238 0.476 0.857 1.542 1.33 2.39 0.02 0.06 0.12 0.24 0.48 0.27 0.54 1.08 0.115 0.23 0.46 0.92 0.273 0.546 0.983 1.769 1.33 2.39 0.02 0.06 0.12 0.24 0.48 0.294 0.588 1.176 0.138 0.276 0.552 1.104 0.295 0.59 1.062 1.912 1.51 2.7 0.02 0.06 0.12 0.24 0.48 0.27 0.54 1.08 0.12 0.24 0.48 0.96 0.256 0.512 0.922 1.659 1.33 2.39 0.024 0.081 0.162 0.324 0.648 0.281 0.562 1.124 0.142 0.284 0.568 1.136 0.295 0.59 1.062 1.912 1.51 2.7 0.021 0.073 0.146 0.292 0.584 0.258 0.516 1.032 0.123 0.246 0.492 0.984 0.256 0.512 0.922 1.659 1.33 2.39 0.029 0.071 0.142 0.284 0.568 0.278 0.556 1.112 0.12 0.239 0.478 0.956 0.256 0.512 0.922 1.66 1.33 2.39
priceOS1
 0.133 0.266 0.532 1.064 0.188 0.376 0.752 1.504 3.008 0.3 0.6 1.08 1.944 3.5 0.973 1.946 3.891 7.782 0.133 0.266 0.532 1.064 0.188 0.376 0.752 1.504 3.008 0.3 0.6 1.08 1.944 3.5 0.973 1.946 3.891 7.782 0.14 0.28 0.56 1.12 0.188 0.376 0.752 1.504 3.008 0.33 0.652 1.173 2.111 3.8 1.058 2.116 4.232 8.464 0.146 0.292 0.584 1.169 0.212 0.424 0.848 1.696 3.392 0.335 0.671 1.222 2.228 4.069 1.133 2.267 4.532 9.064 0.161 0.322 0.644 1.288 0.238 0.477 0.935 1.906 3.813 0.323 0.646 1.192 2.447 4.6 1.169 2.337 4.674 9.348 0.151 0.302 0.603 1.206 0.231 0.462 0.925 1.849 3.699 0.31 0.62 1.219 2.276 4.25 1.113 2.226 4.451 8.903 0.161 0.322 0.644 1.288 0.238 0.477 0.935 1.906 3.813 0.323 0.646 1.192 2.447 4.6 1.169 2.337 4.674 9.348 0.102 0.215 0.430 0.801 1.484 0.235 0.470 0.881 1.644 0.197 0.394 0.729 1.340 0.106 0.223 0.446 0.833 1.548 0.245 0.490 0.921 1.724 0.203 0.406 0.753 1.388 0.106 0.223 0.446 0.833 1.548 0.245 0.490 0.921 1.724 0.203 0.406 0.753 1.388 0.02 0.09 0.18 0.36 0.72 0.33 0.66 1.32 0.171 0.342 0.684 1.368 0.403 0.806 1.451 2.611 1.64 3.04 0.02 0.09 0.18 0.36 0.72 0.3 0.6 1.2 0.159 0.318 0.636 1.272 0.366 0.732 1.318 2.372 1.89 3.5 0.02 0.09 0.18 0.36 0.72 0.34 0.68 1.36 0.183 0.366 0.732 1.464 0.421 0.842 1.516 2.728 1.89 3.5 0.02 0.09 0.18 0.36 0.72 0.36 0.72 1.44 0.224 0.448 0.896 1.792 0.453 0.906 1.631 2.935 2.13 3.95 0.02 0.09 0.18 0.36 0.72 0.32 0.64 1.28 0.195 0.39 0.78 1.56 0.394 0.788 1.418 2.553 1.89 3.5 0.024 0.106 0.212 0.424 0.848 0.35 0.7 1.4 0.211 0.422 0.844 1.688 0.436 0.872 1.57 2.825 2.13 3.95 0.021 0.095 0.19 0.38 0.76 0.31 0.62 1.24 0.183 0.366 0.732 1.464 0.378 0.756 1.361 2.449 1.89 3.5 0.029 0.113 0.226 0.452 0.904 0.349 0.698 1.396 0.196 0.393 0.786 1.571 0.394 0.788 1.419 2.554 1.89 3.5
# - client 2 requirements:
N
250
Tf
 2 3 4 4 2 4 4 3 3 5 4 3 2 5 5 4 2 2 4 3 4 4 5 3 4 3 5 3 4 4 4 5 3 3 5 2 4 2 5 5 3 3 5 2 3 2 4 3 4 3 2 4 3 4 5 2 3 2 2 3 4 2 3 4 3 4 2 3 4 4 5 2 3 2 3 3 5 4 3 2 3 2 4 4 2 4 5 4 4 3 2 2 3 2 5 4 2 2 4 4 4 5 5 3 4 5 4 4 4 5 4 5 5 5 3 2 3 5 5 4 4 5 4 4 4 4 5 2 2 5 5 2 3 3 4 5 2 5 2 2 4 4 4 2 5 2 4 2 2 3 4 5 5 5 4 5 4 3 2 3 4 5 3 4 4 4 4 3 5 4 2 3 4 4 4 5 3 3 4 2 3 4 2 4 2 4 2 2 2 5 2 5 2 4 3 5 4 3 5 3 3 3 3 4 3 5 4 2 3 4 2 2 2 5 5 3 3 5 4 3 3 3 2 5 5 2 3 5 3 2 3 3 3 4 5 3 5 3 4 2 2 2 3 2 4 3 5 3 4 4
C
 0.56 0.56 0.56 0.56 0.56 0.56 0.56 0.56 0.56 0.56 0.56 0.56 0.56 0.56 0.56 0.56 0.56 1.12 0.56 0.56 0.56 0.56 0.56 0.56 0.56 0.56 0.56 0.56 0.56 0.56 0.56 0.56 0.56 0.56 0.56 0.56 0.56 0.56 0.56 0.56 0.56 0.56 0.56 0.56 0.56 0.56 0.56 0.56 0.56 0.56 0.56 0.56 0.56 0.56 0.56 0.56 0.56 0.56 0.56 0.56 0.56 0.56 0.56 0.56 0.56 0.56 0.56 0.56 0.56 0.56 0.56 0.56 0.56 0.56 0.56 0.56 0.56 0.56 0.56 0.56 1.12 0.56 0.56 0.56 0.56 0.56 0.56 0.56 0.56 0.56 0.56 0.56 0.56 0.56 0.56 0.56 0.56 0.56 0.56 0.56 0.56 0.56 0.56 0.56 0.56 0.56 0.56 0.56 0.56 0.56 0.56 0.56 1.12 0.56 0.56 0.56 0.56 0.56 1.12 0.56 0.56 0.56 0.56 0.56 0.56 0.56 0.56 0.56 0.56 0.56 0.56 0.56 0.56 0.56 0.56 0.56 0.56 0.56 0.56 0.56 0.56 0.56 0.56 0.56 0.56 0.56 0.56 0.56 0.56 0.56 0.56 0.56 0.56 0.56 0.56 0.56 0.56 0.56 0.56 0.56 0.56 0.56 0.56 0.56 0.56 0.56 0.56 0.56 0.56 0.56 0.56 0.56 0.56 0.56 0.56 0.56 0.56 0.56 0.56 0.56 0.56 0.56 0.56 0.56 0.56 1.12 0.56 0.56 0.56 0.56 0.56 0.56 0.56 0.56 0.56 0.56 0.56 0.56 0.56 0.56 0.56 0.56 0.56 0.56 0.56 0.56 0.56 0.56 0.56 0.56 0.56 0.56 0.56 0.56 0.56 0.56 0.56 0.56 0.56 0.56 0.56 0.56 0.56 0.56 0.56 0.56 0.56 0.56 0.56 0.56 0.56 0.56 0.56 0.56 0.56 0.56 0.56 0.56 0.56 0.56 0.56 0.56 0.56 0.56 0.56 0.56 0.56 0.56 0.56 0.56
LO
 0 3 4 0 0 2 2 1 1 2 1 4 3 3 2 2 0 1 4 2 0 2 4 3 2 3 5 4 5 1 0 3 3 3 2 2 1 4 1 5 2 2 0 1 5 4 5 1 4 5 2 1 3 0 1 4 0 1 4 0 2 1 3 5 1 2 5 1 3 4 2 2 1 2 3 5 0 0 0 0 3 3 1 4 1 4 3 5 3 2 5 0 3 3 4 5 2 3 4 1 4 3 1 1 4 1 0 4 4 2 2 0 5 5 2 0 3 1 5 1 3 5 1 2 5 2 3 4 0 4 0 3 3 5 4 0 5 3 3 3 4 0 3 2 2 3 2 1 4 2 3 5 5 1 2 1 5 1 0 1 3 5 2 3 3 5 2 0 2 0 2 2 3 4 4 3 0 4 0 4 2 1 0 2 0 5 4 4 3 2 3 4 5 1 4 1 1 2 4 3 5 4 5 2 3 1 1 2 5 4 5 4 4 2 2 3 0 2 4 5 0 5 4 4 4 0 2 0 2 4 5 4 5 5 3 2 0 4 2 2 4 3 0 3 3 3 0 3 2 1
D
 293 244 944 955 894 638 512 964 413 138 472 582 373 133 640 760 818 179 984 466 669 916 880 883 389 148 204 610 218 269 595 219 272 968 739 396 458 622 368 648 378 276 977 934 527 103 480 648 370 985 649 244 709 597 685 960 372 995 764 988 848 697 542 897 231 561 264 812 271 558 819 414 541 527 945 609 761 585 187 397 603 515 903 614 878 650 277 821 351 710 570 649 943 721 411 706 874 667 314 527 286 391 955 711 543 806 142 379 599 831 768 869 888 843 400 108 251 926 299 915 678 981 360 530 418 339 992 637 146 512 263 206 201 565 645 177 958 691 175 107 226 282 692 699 660 206 373 375 559 622 930 195 427 427 398 913 806 962 382 453 653 805 666 282 796 417 172 434 892 474 601 102 890 563 226 509 105 595 934 261 572 573 875 905 218 673 126 686 229 565 660 866 518 239 704 284 941 374 573 230 281 769 236 367 998 332 127 941 369 593 437 907 240 489 529 152 614 300 765 134 411 250 930 348 465 488 570 943 594 167 563 924 913 305 387 779 146 553 428 499 582 147 254 874 349 167 959 478 269 350
OS
 1 0 0 1 1 0 0 0 1 1 0 0 0 1 0 1 0 1 0 0 1 0 1 0 1 1 0 0 1 1 0 0 1 0 1 0 1 0 0 0 1 1 1 0 1 1 0 1 1 1 0 1 0 0 1 1 0 0 1 1 0 1 1 0 0 1 1 0 1 0 0 1 1 0 0 0 0 0 1 1 0 0 0 1 1 0 1 1 1 0 0 0 1 0 0 1 1 0 0 0 1 0 1 1 0 1 0 0 1 1 1 0 0 0 0 1 0 0 1 0 1 1 0 1 0 1 1 0 1 1 0 1 1 1 0 0 0 1 0 1 1 0 0 0 1 0 1 1 0 0 1 0 0 0 1 1 0 0 0 0 0 0 0 0 0 1 0 1 0 1 0 0 1 1 0 1 0 0 0 1 1 0 0 1 1 0 1 1 0 1 1 1 1 1 1 1 0 0 0 0 1 0 1 0 0 1 1 0 0 1 1 0 0 1 1 0 1 0 1 0 1 1 0 1 0 0 0 0 1 1 0 0 0 0 0 0 1 0 1 0 0 0 0 1 1 0 1 1 1 0
F
 50400 20160 141120 171360 453600 20160 534240 534240 534240 60480 383040 30240 70560 443520 322560 241920 191520 604800 161280 302400 433440 362880 524160 594720 473760 231840 201600 262080 322560 483840 120960 524160 383040 453600 504000 90720 241920 161280 423360 383040 493920 30240 282240 342720 574560 403200 534240 372960 332640 483840 342720 252000 403200 282240 504000 574560 544320 544320 141120 292320 514080 302400 443520 352800 262080 534240 141120 473760 201600 393120 453600 221760 413280 493920 342720 20160 302400 504000 443520 110880 604800 231840 282240 534240 40320 262080 231840 453600 241920 161280 60480 463680 231840 241920 161280 534240 131040 564480 131040 584640 141120 463680 181440 181440 544320 80640 171360 574560 50400 171360 504000 50400 604800 524160 372960 463680 564480 393120 604800 504000 40320 211680 413280 292320 433440 171360 131040 50400 161280 312480 312480 272160 221760 544320 282240 181440 423360 161280 201600 131040 594720 292320 483840 10080 100800 342720 221760 332640 201600 30240 211680 252000 302400 574560 221760 554400 564480 262080 201600 161280 342720 423360 493920 403200 151200 70560 534240 372960 433440 252000 241920 292320 241920 312480 40320 10080 332640 231840 453600 90720 362880 534240 60480 181440 262080 604800 292320 463680 584640 141120 312480 423360 342720 100800 544320 282240 141120 110880 70560 362880 30240 312480 241920 383040 594720 110880 151200 90720 453600 302400 453600 181440 352800 423360 110880 131040 493920 20160 312480 50400 403200 544320 473760 231840 433440 534240 383040 151200 100800 372960 524160 231840 322560 262080 10080 554400 504000 161280 574560 30240 302400 272160 554400 131040 504000 131040 322560 574560 131040 473760
M
 7 6 6 6 8 4 6 5 7 5 7 8 4 8 7 7 6 8 7 5 8 6 4 4 6 7 8 7 6 8 6 6 4 8 5 7 5 6 8 8 5 7 8 4 7 6 5 6 4 5 6 6 8 4 5 5 4 4 6 6 4 5 8 4 5 4 5 6 5 5 7 4 4 5 5 7 4 4 8 8 8 5 8 7 4 6 7 7 7 4 8 4 7 5 6 5 8 4 4 4 7 4 5 4 8 6 5 7 7 6 7 8 7 4 8 5 4 5 6 7 4 4 6 7 5 6 7 8 5 8 5 8 8 6 4 8 8 5 4 6 4 7 4 5 5 4 6 4 4 4 8 7 8 8 8 6 6 5 7 8 7 7 6 8 4 6 8 5 7 5 5 5 7 6 7 4 4 4 4 6 8 7 5 6 5 7 7 5 8 7 8 6 4 7 8 4 4 7 5 4 5 5 4 4 6 7 7 8 6 6 4 7 4 6 5 8 8 5 7 6 6 7 5 4 4 6 6 5 6 5 8 4 7 5 7 8 6 7 8 7 5 4 4 8 4 6 4 7 7 6
