## - cloud resource specifications
numberOfClouds 
 3
packagename
 m3.medium m3.large m3.xlarge m3.2xlarge c3.large c3.xlarge c3.2xlarge c3.4xlarge c3.8xlarge r3.large r3.xlarge r3.2xlarge r3.4xlarge r3.8xlarge i2.xlarge i2.2xlarge i2.4xlarge i2.8xlarge n1-standard-1 n1-standard-2 n1-standard-4 n1-standard-8 n1-standard-16 n1-highcpu-2 n1-highcpu-4 n1-highcpu-8 n1-highcpu-16 n1-highmem-2 n1-highmem-4 n1-highmem-8 n1-highmem-16 A0 A1 A2 A3 A4 A5 A6 A7 D1 D2 D3 D4 D11 D12 D13 D14 A10 A11
package
 18 13 18
Gflops
 190 380 760 1520 426 852 1704 3408 6816 380 760 1520 3040 6080 760 1520 3040 6080 159 317 634 1268 2536 317 634 1268 2536 317 634 1268 2536 168 168 335 670 1340 670 1340 2680 335 670 1340 2680 670 1340 2680 5360 3040 6080
ram
 3.75 7.5 15 30 3.75 7.5 15 30 60 15.25 30.5 61 122 244 30.5 61 122 244 3.75 7.5 15 30 60 1.8 3.6 7.2 14.4 13 26 52 104 0.75 1.75 3.5 7.0 14.0 14.0 28.0 56.0 3.5 7.0 14.0 28.0 14.0 28.0 56.0 112.0 56.0 112.0
disk
 4.0 32.0 80.0 160.0 32.0 80.0 160.0 320.0 640.0 32.0 80.0 160.0 320.0 640.0 800.0 1600.0 3200.0 6400.0 100.0 250.0 500.0 750.0 1000.0 250.0 500.0 750.0 1000.0 250.0 500.0 750.0 1000.0 20.0 70.0 135.0 285.0 605.0 135.0 285.0 605.0 50.0 100.0 200.0 400.0 100.0 200.0 400.0 800.0 382.0 382.0
locationProvider
 7 3 8
locationID
 1 1 2 2 3 4 5 1 2 3 1 2 2 3 3 4 4 5
priceOS0
 0.07 0.14 0.28 0.56 0.105 0.21 0.42 0.84 1.68 0.175 0.35 0.7 1.4 2.8 0.853 1.705 3.41 6.82 0.077 0.154 0.308 0.616 0.12 0.239 0.478 0.956 1.912 0.195 0.39 0.78 1.56 3.12 0.938 1.876 3.751 7.502 0.077 0.154 0.308 0.616 0.12 0.239 0.478 0.956 1.912 0.195 0.39 0.78 1.56 3.12 0.938 1.876 3.751 7.502 0.083 0.166 0.332 0.665 0.129 0.258 0.516 1.032 2.064 0.21 0.421 0.842 1.684 3.369 1.013 2.026 4.051 8.102 0.098 0.196 0.392 0.784 0.132 0.265 0.529 1.058 2.117 0.21 0.42 0.84 1.68 3.36 1.018 2.035 4.07 8.14 0.101 0.203 0.405 0.81 0.128 0.255 0.511 1.021 2.043 0.21 0.42 0.84 1.68 3.36 1.001 2.001 4.002 8.004 0.098 0.196 0.392 0.784 0.132 0.265 0.529 1.058 2.117 0.21 0.42 0.84 1.68 3.36 1.018 2.035 4.07 8.14 0.122 0.255 0.510 1.521 2.924 0.275 0.550 1.601 3.084 0.237 0.474 1.449 2.780 0.126 0.263 0.526 1.553 2.988 0.285 0.570 1.641 3.164 0.243 0.486 1.473 2.828 0.126 0.263 0.526 1.553 2.988 0.285 0.570 1.641 3.164 0.243 0.486 1.473 2.828 0.02 0.06 0.12 0.24 0.48 0.25 0.5 1.0 0.094 0.188 0.376 0.752 0.238 0.476 0.857 1.542 1.16 2.08 0.02 0.06 0.12 0.24 0.48 0.248 0.496 0.992 0.094 0.188 0.376 0.752 0.238 0.476 0.857 1.542 1.33 2.39 0.02 0.06 0.12 0.24 0.48 0.27 0.54 1.08 0.115 0.23 0.46 0.92 0.273 0.546 0.983 1.769 1.33 2.39 0.02 0.06 0.12 0.24 0.48 0.294 0.588 1.176 0.138 0.276 0.552 1.104 0.295 0.59 1.062 1.912 1.51 2.7 0.02 0.06 0.12 0.24 0.48 0.27 0.54 1.08 0.12 0.24 0.48 0.96 0.256 0.512 0.922 1.659 1.33 2.39 0.024 0.081 0.162 0.324 0.648 0.281 0.562 1.124 0.142 0.284 0.568 1.136 0.295 0.59 1.062 1.912 1.51 2.7 0.021 0.073 0.146 0.292 0.584 0.258 0.516 1.032 0.123 0.246 0.492 0.984 0.256 0.512 0.922 1.659 1.33 2.39 0.029 0.071 0.142 0.284 0.568 0.278 0.556 1.112 0.12 0.239 0.478 0.956 0.256 0.512 0.922 1.66 1.33 2.39
priceOS1
 0.133 0.266 0.532 1.064 0.188 0.376 0.752 1.504 3.008 0.3 0.6 1.08 1.944 3.5 0.973 1.946 3.891 7.782 0.133 0.266 0.532 1.064 0.188 0.376 0.752 1.504 3.008 0.3 0.6 1.08 1.944 3.5 0.973 1.946 3.891 7.782 0.14 0.28 0.56 1.12 0.188 0.376 0.752 1.504 3.008 0.33 0.652 1.173 2.111 3.8 1.058 2.116 4.232 8.464 0.146 0.292 0.584 1.169 0.212 0.424 0.848 1.696 3.392 0.335 0.671 1.222 2.228 4.069 1.133 2.267 4.532 9.064 0.161 0.322 0.644 1.288 0.238 0.477 0.935 1.906 3.813 0.323 0.646 1.192 2.447 4.6 1.169 2.337 4.674 9.348 0.151 0.302 0.603 1.206 0.231 0.462 0.925 1.849 3.699 0.31 0.62 1.219 2.276 4.25 1.113 2.226 4.451 8.903 0.161 0.322 0.644 1.288 0.238 0.477 0.935 1.906 3.813 0.323 0.646 1.192 2.447 4.6 1.169 2.337 4.674 9.348 0.102 0.215 0.430 0.801 1.484 0.235 0.470 0.881 1.644 0.197 0.394 0.729 1.340 0.106 0.223 0.446 0.833 1.548 0.245 0.490 0.921 1.724 0.203 0.406 0.753 1.388 0.106 0.223 0.446 0.833 1.548 0.245 0.490 0.921 1.724 0.203 0.406 0.753 1.388 0.02 0.09 0.18 0.36 0.72 0.33 0.66 1.32 0.171 0.342 0.684 1.368 0.403 0.806 1.451 2.611 1.64 3.04 0.02 0.09 0.18 0.36 0.72 0.3 0.6 1.2 0.159 0.318 0.636 1.272 0.366 0.732 1.318 2.372 1.89 3.5 0.02 0.09 0.18 0.36 0.72 0.34 0.68 1.36 0.183 0.366 0.732 1.464 0.421 0.842 1.516 2.728 1.89 3.5 0.02 0.09 0.18 0.36 0.72 0.36 0.72 1.44 0.224 0.448 0.896 1.792 0.453 0.906 1.631 2.935 2.13 3.95 0.02 0.09 0.18 0.36 0.72 0.32 0.64 1.28 0.195 0.39 0.78 1.56 0.394 0.788 1.418 2.553 1.89 3.5 0.024 0.106 0.212 0.424 0.848 0.35 0.7 1.4 0.211 0.422 0.844 1.688 0.436 0.872 1.57 2.825 2.13 3.95 0.021 0.095 0.19 0.38 0.76 0.31 0.62 1.24 0.183 0.366 0.732 1.464 0.378 0.756 1.361 2.449 1.89 3.5 0.029 0.113 0.226 0.452 0.904 0.349 0.698 1.396 0.196 0.393 0.786 1.571 0.394 0.788 1.419 2.554 1.89 3.5
# - client 2 requirements:
N
500
Tf
 3 2 4 3 2 4 2 2 5 5 2 4 5 2 3 4 3 3 2 3 3 2 5 2 5 4 2 2 3 4 5 4 4 3 3 3 2 2 3 3 5 3 5 5 2 3 3 5 3 5 5 2 4 5 5 5 3 3 3 5 5 3 2 4 4 4 4 4 3 3 3 5 5 2 3 3 5 3 5 3 4 5 2 2 4 4 4 3 3 3 5 2 3 4 3 3 4 2 5 2 3 3 2 5 4 3 3 5 4 3 5 2 2 2 4 4 4 4 5 2 4 4 2 4 5 4 4 4 5 2 4 2 4 2 3 5 4 4 3 5 2 2 4 3 2 2 5 5 4 5 4 2 3 2 2 5 3 3 4 4 2 2 5 3 3 2 2 4 4 4 3 3 3 5 5 4 2 5 3 4 4 4 5 4 5 5 3 2 2 2 5 3 2 2 3 2 3 3 2 2 2 2 3 2 5 2 5 3 5 3 4 4 4 3 2 5 2 4 4 5 5 2 2 5 2 2 3 2 4 3 4 4 5 2 2 2 2 5 4 2 3 5 3 2 3 3 3 3 3 5 2 2 3 4 5 4 4 2 5 5 5 5 4 5 4 5 4 5 3 3 4 2 3 3 2 4 2 5 5 4 3 2 2 3 4 3 5 5 4 2 2 4 3 5 3 3 4 3 4 3 4 4 3 5 5 3 5 4 4 2 2 5 2 3 5 2 3 4 2 2 2 2 3 2 4 5 4 4 5 5 5 2 5 4 3 5 4 3 4 2 4 4 4 2 3 2 3 5 3 2 5 2 4 4 3 5 3 4 2 3 2 5 3 5 2 3 5 3 5 2 5 3 4 4 2 2 5 4 3 5 4 2 2 3 4 5 4 5 2 4 5 2 3 2 2 3 3 2 5 2 3 2 4 5 5 5 2 5 4 4 4 4 2 5 5 3 5 5 3 2 2 5 5 4 4 5 5 3 5 5 5 2 5 3 4 3 3 2 2 5 2 3 4 3 4 3 3 3 5 2 3 2 5 3 2 4 2 3 2 2 5 4 4 5 4 5 4 2 3 4 5 3 5 2 4 4 4 4 3 3 4 5 5 5 2 4 3 2 2 3 2 2 5 3 3 2 2 2 5 5
C
 1.07 1.07 1.07 1.07 1.07 1.07 1.07 1.07 1.07 1.07 1.07 1.07 1.07 1.07 1.07 1.07 1.07 1.07 1.07 1.07 1.07 1.07 1.07 1.07 1.07 1.07 1.07 1.07 1.07 1.07 1.07 1.07 1.07 1.07 1.07 1.07 1.07 1.07 1.07 1.07 1.07 1.07 1.07 1.07 1.07 1.07 1.07 1.07 1.07 1.07 1.07 1.07 1.07 1.07 1.07 1.07 1.07 1.07 1.07 1.07 1.07 1.07 1.07 1.07 1.07 1.07 1.07 1.07 1.07 1.07 1.07 1.07 1.07 1.07 1.07 1.07 1.07 1.07 1.07 1.07 1.07 1.07 1.07 1.07 1.07 1.07 1.07 1.07 1.07 1.07 1.07 1.07 1.07 1.07 1.07 1.07 1.07 1.07 1.07 1.07 1.07 1.07 1.07 1.07 1.07 1.07 1.07 1.07 1.07 1.07 1.07 1.07 1.07 1.07 1.07 1.07 1.07 1.07 1.07 1.07 1.07 1.07 1.07 1.07 1.07 1.07 1.07 1.07 1.07 1.07 1.07 1.07 1.07 1.07 1.07 1.07 1.07 1.07 1.07 1.07 1.07 1.07 1.07 1.07 1.07 1.07 1.07 1.07 1.07 1.07 1.07 1.07 1.07 1.07 1.07 1.07 1.07 1.07 1.07 1.07 1.07 1.07 1.07 1.07 1.07 1.07 1.07 1.07 1.07 1.07 1.07 1.07 1.07 1.07 1.07 1.07 1.07 1.07 1.07 1.07 1.07 1.07 1.07 1.07 1.07 1.07 1.07 1.07 1.07 1.07 1.07 1.07 1.07 1.07 1.07 1.07 1.07 1.07 1.07 1.07 1.07 1.07 1.07 1.07 1.07 1.07 1.07 1.07 1.07 1.07 1.07 1.07 1.07 1.07 1.07 1.07 1.07 1.07 1.07 1.07 1.07 1.07 1.07 1.07 1.07 1.07 1.07 1.07 1.07 1.07 1.07 1.07 1.07 1.07 1.07 1.07 1.07 1.07 1.07 1.07 1.07 1.07 1.07 1.07 1.07 1.07 1.07 1.07 1.07 1.07 1.07 1.07 1.07 1.07 1.07 1.07 1.07 1.07 1.07 1.07 1.07 1.07 1.07 1.07 1.07 1.07 1.07 1.07 1.07 1.07 1.07 1.07 1.07 1.07 1.07 1.07 1.07 1.07 1.07 1.07 1.07 1.07 1.07 1.07 1.07 1.07 1.07 1.07 1.07 1.07 1.07 1.07 1.07 1.07 1.07 1.07 1.07 1.07 1.07 1.07 1.07 1.07 1.07 1.07 1.07 1.07 1.07 1.07 1.07 1.07 1.07 1.07 1.07 1.07 1.07 1.07 1.07 1.07 1.07 1.07 1.07 1.07 1.07 1.07 1.07 1.07 1.07 1.07 1.07 1.07 1.07 1.07 1.07 1.07 1.07 1.07 1.07 1.07 1.07 1.07 1.07 1.07 1.07 1.07 1.07 1.07 1.07 1.07 1.07 1.07 1.07 1.07 1.07 1.07 1.07 1.07 1.07 1.07 1.07 1.07 1.07 1.07 1.07 1.07 1.07 1.07 1.07 1.07 1.07 1.07 1.07 1.07 1.07 1.07 1.07 1.07 1.07 1.07 1.07 1.07 1.07 1.07 1.07 1.07 1.07 1.07 1.07 1.07 1.07 1.07 1.07 1.07 1.07 1.07 1.07 1.07 1.07 1.07 1.07 1.07 1.07 1.07 1.07 1.07 1.07 1.07 1.07 1.07 1.07 1.07 1.07 1.07 1.07 1.07 1.07 1.07 1.07 1.07 1.07 1.07 1.07 1.07 1.07 1.07 1.07 1.07 1.07 1.07 1.07 1.07 1.07 1.07 1.07 1.07 1.07 1.07 1.07 1.07 1.07 1.07 1.07 1.07 1.07 1.07 1.07 1.07 1.07 1.07 1.07 1.07 1.07 1.07 1.07 1.07 1.07 1.07 1.07 1.07 1.07 1.07 1.07 1.07 1.07 1.07 1.07 1.07 1.07 1.07 1.07 1.07 1.07 1.07 1.07 1.07 1.07 1.07 1.07 1.07 1.07 1.07 1.07 1.07 1.07 1.07 1.07 1.07 1.07 1.07 1.07 1.07 1.07 1.07 1.07 1.07 1.07 1.07 1.07 1.07 1.07 1.07
LO
 4 5 5 3 0 5 4 3 0 4 4 5 3 3 2 4 5 4 3 3 3 5 3 0 4 0 5 2 3 0 1 1 5 3 5 1 2 4 1 4 2 0 0 2 0 5 1 5 5 3 4 0 4 3 1 3 2 5 3 0 1 2 1 5 5 1 1 2 5 2 3 0 3 5 2 5 5 5 0 4 3 3 5 5 3 3 3 0 3 3 1 0 4 5 2 0 3 4 1 5 4 2 4 0 0 4 3 0 4 5 5 2 4 4 5 3 3 1 5 4 4 3 5 4 2 0 3 1 5 4 2 0 5 1 3 4 3 0 0 4 5 2 1 4 5 2 4 3 5 5 1 5 2 0 4 1 1 5 4 0 2 5 5 5 4 5 5 0 0 5 5 4 3 2 2 4 0 1 1 2 0 4 5 4 4 4 1 1 0 2 5 1 1 4 5 5 0 4 1 2 5 3 2 3 0 3 4 0 4 1 5 1 3 3 3 0 1 2 0 4 1 3 4 4 2 4 2 4 4 4 1 5 5 1 2 5 1 2 2 1 4 3 5 1 0 2 4 5 1 5 0 5 4 1 4 5 2 4 1 0 2 2 5 1 1 0 3 1 5 4 0 4 3 0 1 5 4 3 1 1 1 3 2 1 1 3 2 3 3 0 0 0 1 5 5 3 5 0 3 1 1 3 2 5 0 2 1 4 3 1 2 4 4 2 2 5 0 5 1 1 3 4 2 2 3 5 0 2 1 2 2 2 4 1 1 4 3 3 5 5 5 4 1 2 3 5 0 4 3 4 5 3 4 1 2 1 5 2 1 4 0 1 0 4 0 3 3 1 5 3 2 3 3 5 0 1 5 5 3 2 3 0 1 2 4 2 2 2 5 1 1 0 4 1 5 4 0 1 2 5 5 4 4 5 3 2 5 1 3 0 3 1 2 3 2 1 0 1 4 4 2 4 0 2 4 2 3 3 2 5 1 4 0 4 5 0 0 1 1 3 3 5 5 2 4 4 0 0 0 4 4 4 3 1 4 4 5 1 4 2 4 4 0 5 3 2 4 5 5 1 0 0 2 3 5 3 1 1 1 4 3 0 0 5 2 2 1 2 3 1 2 0 2 5 3 4 2 5 2 4
D
 215 852 123 569 117 943 131 412 220 748 277 698 432 638 746 370 367 923 311 156 592 114 470 587 865 242 293 651 350 937 957 553 724 544 544 677 394 646 374 216 684 325 155 664 704 604 501 609 844 950 354 336 359 947 420 407 248 256 534 254 160 876 762 739 302 854 364 396 168 911 775 373 508 198 732 229 281 164 474 780 759 903 800 555 218 199 699 630 227 657 889 138 568 680 689 450 395 655 137 715 644 981 442 628 813 536 958 915 919 307 685 145 323 182 301 351 520 136 190 320 744 670 980 413 260 379 765 228 863 225 749 543 356 944 859 754 715 225 300 198 485 412 472 515 996 164 740 774 697 450 827 899 266 864 720 156 493 145 625 330 521 926 590 406 818 154 650 231 680 984 543 178 683 696 390 819 739 957 772 475 885 836 160 614 272 1000 702 530 778 869 549 266 861 510 452 454 108 263 333 906 248 371 828 891 858 808 809 637 662 867 629 651 314 211 378 522 300 202 858 231 881 376 250 803 241 254 302 605 203 228 222 650 884 214 997 195 918 508 789 918 528 643 971 918 882 649 740 137 431 917 917 640 757 323 179 359 517 534 771 409 703 750 779 818 466 644 918 219 839 383 872 161 222 485 961 129 595 785 993 135 327 460 578 873 118 344 284 471 885 703 127 500 331 337 659 804 138 202 250 257 922 783 126 682 601 641 331 708 314 544 827 984 910 215 350 451 499 190 104 511 265 329 489 105 440 532 200 988 993 489 229 127 400 457 403 423 403 489 984 538 374 423 148 532 784 875 260 299 963 799 797 288 672 841 476 661 365 670 471 596 210 702 493 208 124 909 375 590 646 580 226 673 877 410 739 758 985 338 143 207 739 167 414 650 822 103 731 419 193 573 300 942 729 268 903 208 267 578 952 283 561 780 678 297 574 624 947 837 632 490 825 358 970 467 696 798 968 640 374 809 784 607 548 864 866 393 532 922 326 446 508 386 723 476 129 599 332 448 507 289 239 970 537 218 156 930 834 537 337 252 321 525 695 646 373 894 787 817 738 212 146 623 880 163 756 872 128 1000 379 234 723 146 443 981 658 572 727 210 346 753 104 211 552 450 577 912 117 474 912 549 608 704 845 885 754 366 874 944 251 411
OS
 1 1 1 1 0 0 0 0 0 1 0 0 0 0 0 0 0 0 1 1 0 1 1 1 0 0 1 0 0 1 0 1 0 0 0 1 1 1 1 0 1 1 0 1 0 1 0 0 1 0 1 1 0 0 0 1 1 1 1 0 1 0 0 0 0 1 0 0 0 0 0 0 0 1 1 0 0 1 1 1 1 1 0 1 0 0 1 1 0 1 1 0 1 1 0 1 1 0 0 1 0 1 0 0 1 1 1 0 0 0 0 0 0 0 1 1 0 0 0 0 0 1 0 1 1 1 1 1 1 1 0 0 0 1 1 1 1 0 0 1 1 0 0 1 0 1 0 0 0 0 1 0 1 0 0 1 1 0 1 1 1 0 1 1 1 1 0 0 0 1 0 0 1 1 0 1 0 1 1 1 1 1 1 0 1 1 1 1 0 0 0 0 0 1 0 1 1 1 0 0 0 1 1 0 0 0 1 1 0 0 0 0 0 1 0 1 0 0 0 0 0 0 0 0 1 1 1 1 1 0 1 1 0 1 0 1 1 1 0 1 0 0 0 1 1 1 1 0 0 0 1 1 1 1 0 0 1 1 0 1 0 0 1 1 1 0 1 0 1 0 1 0 0 0 0 0 1 0 1 1 1 1 0 0 1 1 1 0 0 0 1 1 1 1 1 0 1 0 0 1 0 0 1 0 0 0 0 1 1 0 1 1 1 0 0 1 1 0 0 1 1 1 1 0 1 1 1 1 1 0 1 0 1 1 0 1 0 1 1 0 1 1 0 0 1 0 1 1 1 1 1 0 0 1 0 0 1 1 1 1 0 0 0 0 1 0 0 0 1 0 0 0 0 1 0 0 1 0 0 0 0 1 1 1 1 1 0 0 1 0 1 0 1 0 1 1 1 1 0 1 1 1 0 0 0 0 0 0 0 1 0 0 0 1 1 1 1 0 0 1 0 1 1 0 1 1 0 1 1 1 1 0 1 0 1 0 1 1 1 0 0 0 0 0 0 1 0 0 0 0 0 0 0 0 0 0 1 1 1 1 1 0 0 1 1 1 1 1 1 0 0 0 1 1 1 1 1 1 1 1 0 0 0 0 0 1 1 0 0 0 1 0 0 1 0 1 1 0 0 0
F
 90720 70560 60480 20160 90720 20160 40320 40320 50400 20160 50400 50400 20160 20160 50400 60480 100800 30240 90720 30240 90720 70560 80640 10080 40320 100800 50400 80640 80640 50400 60480 70560 30240 30240 60480 50400 60480 80640 60480 10080 80640 50400 20160 60480 40320 60480 10080 100800 80640 70560 10080 10080 30240 90720 90720 40320 100800 30240 50400 70560 70560 100800 10080 90720 80640 50400 10080 90720 60480 70560 90720 60480 30240 40320 30240 70560 10080 30240 20160 60480 100800 100800 100800 100800 50400 80640 30240 100800 100800 70560 90720 70560 40320 50400 90720 100800 70560 100800 60480 40320 100800 90720 20160 60480 20160 90720 100800 70560 90720 100800 100800 80640 10080 100800 10080 70560 70560 90720 40320 90720 40320 50400 30240 50400 80640 20160 20160 90720 80640 10080 20160 90720 30240 100800 10080 80640 60480 70560 30240 100800 10080 60480 70560 10080 80640 40320 80640 80640 40320 40320 80640 40320 90720 20160 40320 50400 10080 80640 40320 50400 80640 90720 20160 60480 70560 90720 80640 40320 40320 10080 10080 40320 30240 10080 10080 30240 70560 10080 20160 80640 80640 90720 50400 80640 40320 20160 70560 90720 50400 70560 70560 10080 20160 60480 10080 60480 20160 30240 90720 70560 40320 40320 30240 50400 20160 60480 40320 30240 90720 20160 30240 60480 90720 70560 70560 30240 20160 60480 70560 30240 50400 30240 10080 80640 40320 10080 20160 40320 10080 20160 20160 80640 60480 20160 60480 90720 20160 40320 10080 10080 30240 50400 80640 20160 80640 80640 100800 80640 10080 10080 20160 70560 70560 30240 70560 10080 10080 50400 60480 10080 100800 100800 10080 80640 90720 90720 70560 90720 70560 10080 60480 50400 10080 60480 50400 100800 40320 60480 80640 10080 90720 70560 90720 100800 60480 10080 70560 60480 50400 80640 60480 40320 30240 90720 80640 100800 100800 50400 60480 40320 60480 30240 80640 60480 90720 30240 50400 90720 90720 30240 30240 100800 30240 10080 50400 60480 30240 90720 40320 40320 100800 10080 90720 70560 50400 70560 50400 30240 10080 30240 50400 40320 20160 30240 30240 60480 40320 30240 30240 90720 30240 70560 90720 50400 50400 60480 30240 70560 90720 60480 20160 60480 20160 50400 80640 30240 70560 30240 50400 90720 30240 70560 10080 100800 50400 90720 70560 40320 30240 100800 40320 20160 100800 50400 10080 80640 80640 50400 60480 30240 50400 60480 40320 20160 70560 80640 50400 20160 30240 30240 100800 70560 20160 20160 50400 70560 10080 10080 30240 40320 60480 100800 70560 20160 70560 20160 20160 20160 70560 20160 30240 100800 20160 90720 60480 50400 90720 70560 10080 40320 90720 10080 30240 80640 30240 40320 40320 90720 50400 90720 30240 50400 80640 100800 70560 30240 90720 60480 100800 90720 100800 70560 30240 70560 80640 100800 50400 70560 70560 30240 100800 70560 60480 20160 60480 30240 50400 20160 60480 30240 30240 30240 70560 80640 70560 10080 50400 50400 100800 70560 20160 80640 40320 50400 70560 100800 90720 40320 100800 60480 20160 80640 70560 100800 40320 20160 30240 90720 60480 30240 100800 80640 60480 80640 50400 30240 80640 80640 60480 100800
M
 8 8 14 12 12 13 9 9 11 15 11 8 8 10 14 10 15 8 8 8 10 14 16 9 13 16 15 11 12 15 16 11 8 12 13 16 15 9 8 16 9 9 15 16 10 13 11 10 15 16 13 9 10 13 10 13 16 15 10 16 9 8 9 9 9 9 11 8 16 8 9 8 10 16 9 10 8 13 8 13 10 15 15 15 14 16 11 11 12 14 16 10 15 16 14 16 13 11 10 16 12 16 12 10 11 16 9 11 8 13 11 11 15 10 10 16 12 12 10 10 16 12 14 13 12 11 10 14 12 11 16 8 15 15 13 13 11 15 9 9 11 11 9 16 12 13 11 9 10 15 10 15 15 13 9 14 11 12 13 14 12 11 12 14 16 14 10 11 15 15 16 9 11 9 10 8 12 16 9 13 16 11 13 12 15 12 13 13 11 12 10 11 9 11 15 11 15 13 15 15 15 16 16 11 14 15 12 13 8 12 9 9 15 13 14 9 14 13 11 15 9 14 10 15 16 13 15 13 11 15 15 10 13 14 16 11 9 15 15 10 11 10 8 16 9 13 12 11 8 14 9 16 14 12 13 8 9 13 9 11 9 13 12 16 11 15 13 13 16 13 12 13 15 14 13 16 10 13 16 12 16 13 13 14 14 9 15 10 13 9 11 13 12 12 10 11 15 10 16 12 10 11 16 11 15 13 11 10 15 16 16 15 12 13 9 14 10 12 14 9 11 12 12 14 12 12 11 16 11 10 14 11 13 11 11 12 8 8 9 10 15 13 10 16 14 9 15 10 15 10 8 11 13 9 13 8 11 16 11 10 16 14 14 11 8 13 9 10 13 16 16 15 12 12 12 13 15 8 10 8 14 14 13 16 12 16 16 10 9 10 16 11 16 9 8 8 14 10 8 16 9 14 9 12 8 15 8 16 11 12 10 10 13 16 15 8 8 13 11 8 16 10 14 14 11 10 10 16 13 8 9 13 16 15 15 16 15 9 14 12 14 14 12 13 11 8 16 15 14 12 10 12 13 13 15 16 14 16 14 9 15 8 16 13 11 9 16 14 8 9 16 16 13 10 12 10 11 9 9 14 8 13 8 8 12 13 12 13 9 16 13 15 12 11 13 15 10 13 10 10
