## - cloud resource specifications
numberOfClouds 
 3
packagename
 m3.medium m3.large m3.xlarge m3.2xlarge c3.large c3.xlarge c3.2xlarge c3.4xlarge c3.8xlarge r3.large r3.xlarge r3.2xlarge r3.4xlarge r3.8xlarge i2.xlarge i2.2xlarge i2.4xlarge i2.8xlarge n1-standard-1 n1-standard-2 n1-standard-4 n1-standard-8 n1-standard-16 n1-highcpu-2 n1-highcpu-4 n1-highcpu-8 n1-highcpu-16 n1-highmem-2 n1-highmem-4 n1-highmem-8 n1-highmem-16 A0 A1 A2 A3 A4 A5 A6 A7 D1 D2 D3 D4 D11 D12 D13 D14 A10 A11
package
 18 13 18
Gflops
 190 380 760 1520 426 852 1704 3408 6816 380 760 1520 3040 6080 760 1520 3040 6080 159 317 634 1268 2536 317 634 1268 2536 317 634 1268 2536 168 168 335 670 1340 670 1340 2680 335 670 1340 2680 670 1340 2680 5360 3040 6080
ram
 3.75 7.5 15 30 3.75 7.5 15 30 60 15.25 30.5 61 122 244 30.5 61 122 244 3.75 7.5 15 30 60 1.8 3.6 7.2 14.4 13 26 52 104 0.75 1.75 3.5 7.0 14.0 14.0 28.0 56.0 3.5 7.0 14.0 28.0 14.0 28.0 56.0 112.0 56.0 112.0
disk
 4.0 32.0 80.0 160.0 32.0 80.0 160.0 320.0 640.0 32.0 80.0 160.0 320.0 640.0 800.0 1600.0 3200.0 6400.0 100.0 250.0 500.0 750.0 1000.0 250.0 500.0 750.0 1000.0 250.0 500.0 750.0 1000.0 20.0 70.0 135.0 285.0 605.0 135.0 285.0 605.0 50.0 100.0 200.0 400.0 100.0 200.0 400.0 800.0 382.0 382.0
locationProvider
 7 3 8
locationID
 1 1 2 2 3 4 5 1 2 3 1 2 2 3 3 4 4 5
priceOS0
 0.07 0.14 0.28 0.56 0.105 0.21 0.42 0.84 1.68 0.175 0.35 0.7 1.4 2.8 0.853 1.705 3.41 6.82 0.077 0.154 0.308 0.616 0.12 0.239 0.478 0.956 1.912 0.195 0.39 0.78 1.56 3.12 0.938 1.876 3.751 7.502 0.077 0.154 0.308 0.616 0.12 0.239 0.478 0.956 1.912 0.195 0.39 0.78 1.56 3.12 0.938 1.876 3.751 7.502 0.083 0.166 0.332 0.665 0.129 0.258 0.516 1.032 2.064 0.21 0.421 0.842 1.684 3.369 1.013 2.026 4.051 8.102 0.098 0.196 0.392 0.784 0.132 0.265 0.529 1.058 2.117 0.21 0.42 0.84 1.68 3.36 1.018 2.035 4.07 8.14 0.101 0.203 0.405 0.81 0.128 0.255 0.511 1.021 2.043 0.21 0.42 0.84 1.68 3.36 1.001 2.001 4.002 8.004 0.098 0.196 0.392 0.784 0.132 0.265 0.529 1.058 2.117 0.21 0.42 0.84 1.68 3.36 1.018 2.035 4.07 8.14 0.122 0.255 0.510 1.521 2.924 0.275 0.550 1.601 3.084 0.237 0.474 1.449 2.780 0.126 0.263 0.526 1.553 2.988 0.285 0.570 1.641 3.164 0.243 0.486 1.473 2.828 0.126 0.263 0.526 1.553 2.988 0.285 0.570 1.641 3.164 0.243 0.486 1.473 2.828 0.02 0.06 0.12 0.24 0.48 0.25 0.5 1.0 0.094 0.188 0.376 0.752 0.238 0.476 0.857 1.542 1.16 2.08 0.02 0.06 0.12 0.24 0.48 0.248 0.496 0.992 0.094 0.188 0.376 0.752 0.238 0.476 0.857 1.542 1.33 2.39 0.02 0.06 0.12 0.24 0.48 0.27 0.54 1.08 0.115 0.23 0.46 0.92 0.273 0.546 0.983 1.769 1.33 2.39 0.02 0.06 0.12 0.24 0.48 0.294 0.588 1.176 0.138 0.276 0.552 1.104 0.295 0.59 1.062 1.912 1.51 2.7 0.02 0.06 0.12 0.24 0.48 0.27 0.54 1.08 0.12 0.24 0.48 0.96 0.256 0.512 0.922 1.659 1.33 2.39 0.024 0.081 0.162 0.324 0.648 0.281 0.562 1.124 0.142 0.284 0.568 1.136 0.295 0.59 1.062 1.912 1.51 2.7 0.021 0.073 0.146 0.292 0.584 0.258 0.516 1.032 0.123 0.246 0.492 0.984 0.256 0.512 0.922 1.659 1.33 2.39 0.029 0.071 0.142 0.284 0.568 0.278 0.556 1.112 0.12 0.239 0.478 0.956 0.256 0.512 0.922 1.66 1.33 2.39
priceOS1
 0.133 0.266 0.532 1.064 0.188 0.376 0.752 1.504 3.008 0.3 0.6 1.08 1.944 3.5 0.973 1.946 3.891 7.782 0.133 0.266 0.532 1.064 0.188 0.376 0.752 1.504 3.008 0.3 0.6 1.08 1.944 3.5 0.973 1.946 3.891 7.782 0.14 0.28 0.56 1.12 0.188 0.376 0.752 1.504 3.008 0.33 0.652 1.173 2.111 3.8 1.058 2.116 4.232 8.464 0.146 0.292 0.584 1.169 0.212 0.424 0.848 1.696 3.392 0.335 0.671 1.222 2.228 4.069 1.133 2.267 4.532 9.064 0.161 0.322 0.644 1.288 0.238 0.477 0.935 1.906 3.813 0.323 0.646 1.192 2.447 4.6 1.169 2.337 4.674 9.348 0.151 0.302 0.603 1.206 0.231 0.462 0.925 1.849 3.699 0.31 0.62 1.219 2.276 4.25 1.113 2.226 4.451 8.903 0.161 0.322 0.644 1.288 0.238 0.477 0.935 1.906 3.813 0.323 0.646 1.192 2.447 4.6 1.169 2.337 4.674 9.348 0.102 0.215 0.430 0.801 1.484 0.235 0.470 0.881 1.644 0.197 0.394 0.729 1.340 0.106 0.223 0.446 0.833 1.548 0.245 0.490 0.921 1.724 0.203 0.406 0.753 1.388 0.106 0.223 0.446 0.833 1.548 0.245 0.490 0.921 1.724 0.203 0.406 0.753 1.388 0.02 0.09 0.18 0.36 0.72 0.33 0.66 1.32 0.171 0.342 0.684 1.368 0.403 0.806 1.451 2.611 1.64 3.04 0.02 0.09 0.18 0.36 0.72 0.3 0.6 1.2 0.159 0.318 0.636 1.272 0.366 0.732 1.318 2.372 1.89 3.5 0.02 0.09 0.18 0.36 0.72 0.34 0.68 1.36 0.183 0.366 0.732 1.464 0.421 0.842 1.516 2.728 1.89 3.5 0.02 0.09 0.18 0.36 0.72 0.36 0.72 1.44 0.224 0.448 0.896 1.792 0.453 0.906 1.631 2.935 2.13 3.95 0.02 0.09 0.18 0.36 0.72 0.32 0.64 1.28 0.195 0.39 0.78 1.56 0.394 0.788 1.418 2.553 1.89 3.5 0.024 0.106 0.212 0.424 0.848 0.35 0.7 1.4 0.211 0.422 0.844 1.688 0.436 0.872 1.57 2.825 2.13 3.95 0.021 0.095 0.19 0.38 0.76 0.31 0.62 1.24 0.183 0.366 0.732 1.464 0.378 0.756 1.361 2.449 1.89 3.5 0.029 0.113 0.226 0.452 0.904 0.349 0.698 1.396 0.196 0.393 0.786 1.571 0.394 0.788 1.419 2.554 1.89 3.5
# - client 2 requirements:
N
500
Tf
 2 5 5 3 2 3 2 5 2 2 3 3 2 3 4 5 4 2 2 4 2 4 2 5 4 5 2 3 5 5 5 5 4 5 5 3 2 5 5 2 5 5 5 5 3 5 4 5 4 5 2 5 5 3 4 3 4 5 5 2 5 4 2 2 4 3 3 2 2 3 2 5 2 2 4 5 3 5 5 4 3 2 4 4 5 5 3 2 4 2 5 5 2 4 3 4 5 3 3 3 5 3 5 4 2 3 5 3 2 3 3 4 4 3 5 3 3 4 5 3 3 5 2 5 3 2 5 5 4 3 3 2 2 2 2 2 5 2 3 4 5 4 3 5 3 3 5 4 5 4 3 4 4 2 5 4 4 5 3 4 2 4 2 2 2 4 4 4 2 3 3 3 3 5 3 5 5 4 2 5 5 2 2 3 3 2 3 3 5 2 2 2 3 3 2 4 5 2 5 4 4 4 3 5 2 2 2 3 3 3 4 5 2 5 5 5 2 5 3 3 2 4 4 2 3 3 2 3 3 5 5 5 4 4 5 4 3 3 3 5 2 2 3 4 5 3 2 4 3 3 2 5 5 2 5 3 5 5 5 2 2 4 5 5 4 3 3 4 2 2 4 2 3 4 3 5 2 5 4 2 2 2 4 2 4 4 3 5 5 4 4 4 2 2 5 2 2 4 4 3 2 4 4 4 2 5 4 3 2 4 2 2 4 3 3 3 2 2 3 4 3 4 4 5 3 5 3 2 4 3 5 5 3 5 2 3 2 4 5 5 5 2 3 5 5 5 2 4 4 4 5 2 3 5 4 4 4 3 4 4 5 5 2 5 5 2 4 3 3 3 5 2 5 2 3 2 2 2 5 4 4 4 5 3 5 3 4 3 5 5 4 5 3 4 5 4 4 4 2 3 2 5 5 3 3 3 3 2 4 3 3 5 2 5 3 4 5 4 4 4 4 2 4 5 4 2 3 5 5 5 4 2 2 3 2 5 2 2 5 3 3 2 3 5 2 5 3 5 4 2 5 3 3 2 4 3 2 5 2 3 5 2 3 5 2 4 5 4 3 3 3 4 4 2 5 3 5 5 3 3 5 3 5 2 4 5 3 5 5 3 5 5 3 2 3 2 2 3 2 3
C
 0.56 0.56 0.56 0.56 0.56 0.56 0.56 1.12 0.56 0.56 0.56 0.56 0.56 0.56 0.56 0.56 0.56 0.56 0.56 0.56 0.56 0.56 0.56 0.56 0.56 0.56 0.56 0.56 0.56 0.56 0.56 0.56 0.56 0.56 0.56 0.56 0.56 0.56 0.56 0.56 0.56 0.56 0.56 0.56 0.56 0.56 0.56 0.56 0.56 0.56 0.56 0.56 0.56 0.56 0.56 0.56 0.56 0.56 0.56 0.56 0.56 0.56 0.56 0.56 0.56 0.56 0.56 0.56 0.56 0.56 0.56 0.56 0.56 0.56 0.56 0.56 0.56 0.56 0.56 0.56 0.56 0.56 0.56 0.56 0.56 0.56 0.56 0.56 0.56 0.56 0.56 0.56 0.56 0.56 0.56 0.56 0.56 0.56 0.56 0.56 0.56 0.56 0.56 0.56 0.56 0.56 0.56 0.56 0.56 0.56 0.56 0.56 0.56 0.56 0.56 0.56 0.56 0.56 0.56 0.56 0.56 0.56 0.56 0.56 0.56 0.56 0.56 0.56 0.56 0.56 0.56 0.56 0.56 0.56 0.56 0.56 0.56 0.56 0.56 0.56 0.56 0.56 0.56 0.56 0.56 0.56 0.56 0.56 0.56 0.56 0.56 0.56 0.56 0.56 0.56 0.56 0.56 0.56 0.56 0.56 0.56 0.56 0.56 0.56 0.56 0.56 0.56 0.56 0.56 0.56 0.56 0.56 0.56 0.56 0.56 0.56 0.56 0.56 0.56 0.56 0.56 0.56 0.56 0.56 0.56 0.56 0.56 0.56 0.56 0.56 0.56 0.56 0.56 0.56 0.56 0.56 0.56 0.56 0.56 0.56 0.56 0.56 0.56 1.12 0.56 0.56 0.56 0.56 0.56 0.56 0.56 0.56 0.56 0.56 0.56 0.56 0.56 0.56 0.56 0.56 0.56 0.56 0.56 0.56 0.56 0.56 0.56 0.56 0.56 0.56 0.56 0.56 0.56 0.56 0.56 0.56 0.56 0.56 0.56 0.56 0.56 0.56 0.56 0.56 0.56 0.56 0.56 0.56 0.56 0.56 0.56 0.56 0.56 0.56 0.56 0.56 0.56 0.56 0.56 0.56 0.56 0.56 0.56 0.56 0.56 0.56 0.56 0.56 0.56 0.56 0.56 0.56 0.56 0.56 0.56 0.56 0.56 0.56 0.56 0.56 0.56 0.56 0.56 0.56 0.56 0.56 0.56 0.56 0.56 0.56 0.56 0.56 0.56 0.56 0.56 0.56 0.56 0.56 0.56 0.56 1.12 0.56 0.56 0.56 0.56 0.56 0.56 0.56 0.56 0.56 0.56 0.56 0.56 0.56 0.56 0.56 0.56 0.56 0.56 0.56 0.56 0.56 0.56 0.56 0.56 0.56 0.56 0.56 0.56 0.56 0.56 0.56 0.56 0.56 0.56 0.56 0.56 0.56 0.56 0.56 0.56 0.56 0.56 0.56 0.56 0.56 0.56 0.56 0.56 0.56 0.56 0.56 0.56 1.12 0.56 0.56 0.56 0.56 0.56 0.56 1.12 0.56 0.56 0.56 0.56 0.56 0.56 0.56 0.56 0.56 0.56 0.56 0.56 0.56 0.56 0.56 0.56 0.56 0.56 0.56 0.56 0.56 0.56 0.56 0.56 0.56 0.56 0.56 0.56 0.56 0.56 0.56 0.56 0.56 0.56 0.56 0.56 0.56 0.56 0.56 0.56 0.56 0.56 0.56 0.56 0.56 0.56 0.56 0.56 1.12 1.12 0.56 0.56 0.56 0.56 0.56 0.56 0.56 0.56 0.56 0.56 0.56 0.56 0.56 0.56 0.56 0.56 0.56 0.56 0.56 0.56 0.56 0.56 0.56 0.56 0.56 0.56 0.56 0.56 0.56 0.56 0.56 1.12 0.56 0.56 0.56 0.56 0.56 0.56 0.56 0.56 0.56 0.56 0.56 0.56 0.56 0.56 0.56 0.56 0.56 0.56 0.56 0.56 0.56 0.56 1.12 0.56 0.56 0.56 0.56 0.56 0.56 0.56 0.56 0.56 0.56 0.56 0.56 0.56 0.56 0.56 0.56 0.56 0.56 0.56 0.56 0.56 0.56 0.56 0.56 0.56 0.56 0.56 0.56 0.56 0.56 0.56 0.56 0.56 0.56
LO
 4 0 1 0 4 2 3 2 4 5 3 3 3 5 1 1 1 5 5 3 0 4 5 5 5 1 0 0 5 4 5 4 1 1 5 2 2 4 5 3 5 1 3 2 0 1 0 5 2 2 1 5 1 1 2 2 2 2 3 1 1 4 4 4 5 2 1 5 5 3 4 2 3 3 4 5 3 0 0 2 2 3 3 2 4 4 4 0 3 0 4 5 1 0 3 2 0 3 1 2 4 2 3 5 5 4 2 2 5 5 4 1 1 2 2 4 0 3 0 4 0 1 1 5 2 1 4 1 4 4 4 4 5 4 3 5 2 0 1 0 0 2 1 2 3 4 4 2 0 0 4 0 1 4 3 1 4 1 4 2 3 2 2 1 3 5 2 3 4 1 3 2 3 0 1 0 4 3 5 2 1 4 5 5 5 4 4 3 3 1 0 2 4 0 3 4 4 5 3 5 4 0 2 0 4 1 5 5 1 2 3 3 5 0 4 5 4 3 4 3 0 2 0 0 3 0 2 1 0 5 3 5 2 5 2 0 3 3 0 4 0 1 1 1 1 2 1 3 2 3 4 2 3 4 1 5 2 4 5 0 2 3 1 0 2 5 2 4 1 4 4 3 5 0 5 1 4 4 4 4 0 5 4 5 5 2 2 2 1 5 0 1 4 2 1 5 3 4 5 4 2 4 0 3 5 4 3 0 3 2 4 5 1 4 4 4 5 4 3 5 0 1 2 5 5 1 2 5 1 4 2 2 0 5 5 1 1 4 0 0 5 0 5 1 5 2 2 3 5 4 5 5 2 5 5 0 3 0 3 4 4 2 3 4 2 0 0 0 3 0 4 1 0 0 3 5 3 1 5 5 4 3 5 0 3 3 5 5 3 0 2 1 4 5 2 0 1 2 1 1 0 0 3 1 1 3 2 2 3 0 3 3 2 4 2 5 1 1 2 4 0 5 4 2 5 5 1 2 1 3 4 5 4 3 2 4 3 2 0 5 2 3 2 1 5 2 0 2 4 2 3 5 4 3 0 2 5 2 0 5 2 3 3 3 1 1 1 0 1 5 5 1 0 0 3 0 5 5 4 0 0 3 0 0 4 1 2 1 2 3 4 2 1 0 1 2 5 2 4 3
D
 631 952 975 539 287 648 418 816 416 100 1000 979 690 146 288 136 354 978 618 774 393 534 566 585 568 412 647 966 516 922 670 279 198 827 670 166 548 568 620 672 198 272 217 377 764 810 821 887 642 468 310 310 396 776 775 430 661 168 509 969 723 931 733 107 592 127 156 546 186 310 994 299 397 632 129 829 733 188 971 356 186 132 437 919 203 517 239 259 831 662 106 249 220 894 258 609 408 335 147 890 647 560 803 971 304 753 922 601 227 300 130 134 322 847 932 216 998 798 229 466 969 916 199 638 275 895 995 958 616 603 407 916 857 214 413 849 776 215 528 222 908 204 682 739 445 305 884 409 122 742 795 417 599 835 849 594 859 382 860 218 521 874 778 699 131 159 118 724 984 968 403 706 450 459 869 440 577 944 398 468 979 329 957 673 592 258 932 665 222 396 263 117 895 747 784 101 850 399 705 560 504 306 490 626 639 579 418 125 789 297 588 336 321 216 139 131 106 494 199 858 632 954 659 269 476 139 855 790 723 130 911 125 953 258 833 567 474 229 314 169 105 983 534 401 704 177 905 339 178 762 653 350 771 895 936 481 541 834 939 645 153 758 813 655 344 654 506 431 676 916 275 356 353 413 490 653 374 905 297 530 166 136 569 747 877 426 447 925 434 759 109 648 945 732 309 947 546 534 470 180 699 916 611 474 524 132 829 815 149 246 807 132 823 414 396 327 852 982 483 1000 583 320 203 251 623 569 230 535 800 316 154 997 257 296 883 400 554 897 650 507 988 591 650 993 226 650 159 228 625 603 663 231 676 554 518 140 336 259 360 879 489 317 678 523 254 974 818 531 113 564 849 319 236 769 344 601 551 139 609 997 678 729 701 289 807 980 447 390 512 871 364 132 834 928 861 858 413 670 470 815 549 829 802 540 754 327 620 894 480 560 946 598 319 720 971 633 195 732 983 270 840 944 931 342 542 330 800 702 233 520 804 430 597 274 141 227 431 633 134 270 571 652 350 499 316 773 642 372 963 870 958 983 583 976 646 984 915 504 967 880 225 224 209 557 655 164 152 797 265 311 698 603 250 281 254 887 588 679 318 960 204 370 237 452 823 302 542 768 366 524 393 912 778 922 796 312 567 454 643 646
OS
 0 1 0 1 0 0 1 0 0 0 1 1 0 0 1 0 1 1 0 1 1 0 1 1 1 0 0 1 0 1 1 0 0 1 1 1 0 0 1 1 0 0 1 1 0 0 1 0 0 0 0 1 0 0 0 0 1 0 1 1 1 0 0 0 1 0 1 0 1 0 0 0 0 1 1 1 1 1 1 0 1 1 1 0 0 0 1 0 0 1 1 1 1 1 1 0 0 1 1 1 0 0 0 1 1 1 1 0 0 1 1 1 0 0 0 1 0 0 1 1 0 0 1 1 0 0 0 1 1 0 1 0 0 1 1 1 1 0 1 1 0 0 1 1 1 0 1 0 0 1 0 0 1 0 1 0 0 0 0 0 0 0 1 0 0 0 0 0 0 0 0 1 0 0 1 0 1 1 0 1 0 1 0 1 0 0 0 0 0 1 1 1 1 1 0 1 1 1 1 1 1 1 0 1 1 1 1 0 1 0 0 0 1 0 1 1 0 0 1 0 0 1 1 0 1 0 0 1 0 0 0 1 1 0 1 0 0 0 0 0 0 1 0 1 0 0 0 0 0 0 0 1 0 0 1 1 0 0 1 1 0 1 1 0 1 0 0 0 0 0 0 0 0 0 0 1 0 0 1 0 1 1 1 0 0 0 1 0 1 0 0 1 1 1 1 0 1 0 0 1 0 0 0 0 0 0 0 0 0 1 1 0 1 1 0 0 0 0 0 1 1 1 0 1 0 1 0 0 1 1 0 0 0 0 0 1 0 0 1 0 1 1 1 0 0 0 1 1 1 1 0 0 1 0 0 1 0 0 0 0 0 1 0 1 1 1 0 1 0 0 0 1 1 0 1 1 1 1 1 1 1 0 1 0 1 0 0 0 0 1 1 0 1 0 1 0 0 1 0 0 1 0 0 1 0 1 1 1 0 1 1 1 0 0 0 0 1 0 1 1 1 0 1 1 0 1 0 0 0 1 0 1 0 0 1 0 0 0 0 1 0 1 1 0 0 1 1 0 1 1 1 0 0 1 0 1 0 0 1 1 1 1 0 1 1 1 0 1 1 1 0 0 0 1 0 1 0 1 0 1 1 0 1 0 1 1 1 0 0 1 0 1 0 1 0 0 1 1 0 0
F
 241920 50400 292320 221760 463680 473760 322560 604800 191520 100800 453600 413280 50400 453600 413280 292320 181440 191520 493920 574560 362880 10080 534240 312480 161280 80640 211680 10080 120960 211680 342720 443520 463680 231840 362880 80640 443520 534240 332640 514080 191520 574560 413280 131040 453600 453600 584640 473760 544320 483840 191520 40320 443520 413280 362880 282240 20160 332640 534240 231840 312480 312480 211680 514080 282240 90720 514080 100800 120960 211680 594720 564480 292320 342720 352800 433440 433440 534240 564480 534240 574560 161280 241920 403200 80640 20160 352800 131040 80640 504000 534240 362880 100800 20160 231840 393120 120960 161280 584640 574560 413280 483840 262080 60480 413280 282240 504000 100800 443520 131040 594720 564480 151200 312480 514080 161280 433440 40320 110880 211680 110880 463680 80640 211680 423360 322560 10080 584640 413280 70560 463680 161280 241920 181440 181440 534240 393120 30240 342720 80640 403200 211680 131040 90720 362880 30240 40320 383040 342720 473760 312480 161280 332640 211680 231840 252000 272160 393120 312480 504000 151200 312480 383040 131040 282240 594720 151200 211680 342720 362880 70560 181440 221760 131040 90720 413280 564480 272160 151200 483840 211680 70560 544320 302400 110880 483840 443520 504000 120960 322560 493920 20160 20160 60480 342720 211680 50400 191520 120960 302400 362880 20160 342720 604800 393120 564480 60480 302400 272160 201600 171360 221760 70560 362880 514080 231840 181440 393120 171360 131040 131040 473760 514080 272160 302400 554400 60480 433440 50400 544320 423360 120960 120960 50400 100800 90720 100800 403200 413280 262080 10080 282240 453600 302400 322560 423360 393120 80640 80640 524160 252000 584640 554400 372960 443520 393120 272160 514080 191520 443520 211680 110880 332640 483840 342720 423360 110880 504000 403200 524160 60480 443520 463680 231840 352800 534240 211680 201600 544320 433440 191520 252000 453600 362880 534240 473760 453600 443520 100800 131040 40320 322560 120960 201600 171360 453600 20160 80640 544320 60480 604800 312480 403200 322560 60480 473760 483840 302400 221760 40320 120960 262080 90720 20160 403200 403200 252000 40320 141120 403200 10080 100800 171360 504000 473760 473760 181440 473760 201600 282240 20160 272160 393120 20160 372960 473760 50400 30240 352800 433440 181440 201600 241920 282240 40320 383040 302400 413280 362880 70560 151200 332640 50400 604800 584640 514080 574560 20160 151200 342720 604800 453600 30240 141120 483840 50400 191520 110880 40320 120960 403200 493920 574560 584640 70560 90720 262080 372960 554400 80640 443520 362880 524160 100800 463680 584640 362880 110880 524160 191520 574560 262080 342720 241920 302400 20160 282240 413280 191520 221760 131040 120960 110880 483840 161280 564480 252000 423360 372960 604800 604800 574560 10080 20160 483840 352800 282240 574560 423360 50400 120960 312480 80640 191520 30240 40320 252000 413280 514080 322560 40320 141120 171360 70560 171360 110880 30240 30240 383040 10080 161280 584640 604800 40320 181440 231840 120960 252000 483840 524160 90720 342720 181440 20160 201600 221760 50400 50400 221760 161280 201600 110880 161280 10080 282240 604800 131040 231840 534240 70560 534240 201600 262080 201600 70560 40320 524160 10080 443520 342720 524160 80640 151200 221760 171360 241920 80640 574560 131040 362880 534240 141120 30240 574560 211680 463680 70560 352800 231840 70560
M
 8 5 5 6 4 6 8 6 8 7 5 6 5 8 7 4 5 6 7 6 4 4 6 4 6 7 5 8 8 7 6 4 7 4 7 6 7 5 8 4 8 5 4 4 6 5 8 5 6 8 6 6 7 6 8 5 4 8 6 6 7 7 6 7 4 6 8 8 7 6 5 5 5 4 7 7 7 8 6 5 6 7 7 5 5 4 7 7 7 6 8 5 6 7 5 6 4 7 5 7 5 6 5 5 7 6 5 4 7 6 5 5 4 6 4 6 6 7 8 7 5 4 7 4 8 4 8 4 4 4 5 6 6 5 8 4 4 6 7 7 8 6 4 6 7 6 8 6 6 7 5 5 4 4 4 8 6 8 6 5 6 4 7 7 6 6 7 5 6 8 4 6 5 4 8 8 7 5 7 6 7 4 6 7 5 8 8 8 6 7 7 4 6 5 5 6 6 5 6 8 7 8 8 8 4 4 8 6 7 6 6 5 4 7 5 8 4 6 7 7 8 5 5 8 5 5 4 6 7 6 4 7 7 5 6 6 7 8 7 6 6 6 7 4 8 6 8 8 5 4 6 5 5 6 6 6 4 6 5 7 5 5 6 8 5 6 8 6 5 5 6 6 5 4 5 6 5 8 5 6 8 4 6 6 6 7 5 6 8 7 5 6 5 7 5 6 8 8 8 5 4 5 6 7 5 7 7 4 8 5 5 5 8 6 8 8 5 6 4 7 6 4 5 6 8 5 8 4 7 6 4 5 7 8 4 6 6 4 6 4 8 7 8 6 4 8 5 5 8 4 4 4 7 6 8 4 8 8 5 4 8 6 7 8 4 5 6 5 5 6 5 8 7 8 6 4 6 7 8 4 8 5 4 6 7 4 7 5 7 5 6 6 7 8 7 4 6 8 7 7 6 6 4 8 4 8 7 8 4 6 5 8 8 8 7 4 7 4 4 8 8 5 6 7 4 8 4 6 6 8 4 8 6 5 6 5 5 7 8 7 6 8 7 5 6 8 5 5 6 7 4 6 4 8 4 7 5 4 6 8 4 6 4 6 5 6 7 5 8 7 4 5 8 8 6 8 7 4 7 6 4 6 7 7 8 6 7 7 7 8 6 4 4 5 4 8 5 4 5 8
