## - cloud resource specifications
numberOfClouds 
 3
packagename
 m3.medium m3.large m3.xlarge m3.2xlarge c3.large c3.xlarge c3.2xlarge c3.4xlarge c3.8xlarge r3.large r3.xlarge r3.2xlarge r3.4xlarge r3.8xlarge i2.xlarge i2.2xlarge i2.4xlarge i2.8xlarge n1-standard-1 n1-standard-2 n1-standard-4 n1-standard-8 n1-standard-16 n1-highcpu-2 n1-highcpu-4 n1-highcpu-8 n1-highcpu-16 n1-highmem-2 n1-highmem-4 n1-highmem-8 n1-highmem-16 A0 A1 A2 A3 A4 A5 A6 A7 D1 D2 D3 D4 D11 D12 D13 D14 A10 A11
package
 18 13 18
Gflops
 190 380 760 1520 426 852 1704 3408 6816 380 760 1520 3040 6080 760 1520 3040 6080 159 317 634 1268 2536 317 634 1268 2536 317 634 1268 2536 168 168 335 670 1340 670 1340 2680 335 670 1340 2680 670 1340 2680 5360 3040 6080
ram
 3.75 7.5 15 30 3.75 7.5 15 30 60 15.25 30.5 61 122 244 30.5 61 122 244 3.75 7.5 15 30 60 1.8 3.6 7.2 14.4 13 26 52 104 0.75 1.75 3.5 7.0 14.0 14.0 28.0 56.0 3.5 7.0 14.0 28.0 14.0 28.0 56.0 112.0 56.0 112.0
disk
 4.0 32.0 80.0 160.0 32.0 80.0 160.0 320.0 640.0 32.0 80.0 160.0 320.0 640.0 800.0 1600.0 3200.0 6400.0 100.0 250.0 500.0 750.0 1000.0 250.0 500.0 750.0 1000.0 250.0 500.0 750.0 1000.0 20.0 70.0 135.0 285.0 605.0 135.0 285.0 605.0 50.0 100.0 200.0 400.0 100.0 200.0 400.0 800.0 382.0 382.0
locationProvider
 7 3 8
locationID
 1 1 2 2 3 4 5 1 2 3 1 2 2 3 3 4 4 5
priceOS0
 0.07 0.14 0.28 0.56 0.105 0.21 0.42 0.84 1.68 0.175 0.35 0.7 1.4 2.8 0.853 1.705 3.41 6.82 0.077 0.154 0.308 0.616 0.12 0.239 0.478 0.956 1.912 0.195 0.39 0.78 1.56 3.12 0.938 1.876 3.751 7.502 0.077 0.154 0.308 0.616 0.12 0.239 0.478 0.956 1.912 0.195 0.39 0.78 1.56 3.12 0.938 1.876 3.751 7.502 0.083 0.166 0.332 0.665 0.129 0.258 0.516 1.032 2.064 0.21 0.421 0.842 1.684 3.369 1.013 2.026 4.051 8.102 0.098 0.196 0.392 0.784 0.132 0.265 0.529 1.058 2.117 0.21 0.42 0.84 1.68 3.36 1.018 2.035 4.07 8.14 0.101 0.203 0.405 0.81 0.128 0.255 0.511 1.021 2.043 0.21 0.42 0.84 1.68 3.36 1.001 2.001 4.002 8.004 0.098 0.196 0.392 0.784 0.132 0.265 0.529 1.058 2.117 0.21 0.42 0.84 1.68 3.36 1.018 2.035 4.07 8.14 0.122 0.255 0.510 1.521 2.924 0.275 0.550 1.601 3.084 0.237 0.474 1.449 2.780 0.126 0.263 0.526 1.553 2.988 0.285 0.570 1.641 3.164 0.243 0.486 1.473 2.828 0.126 0.263 0.526 1.553 2.988 0.285 0.570 1.641 3.164 0.243 0.486 1.473 2.828 0.02 0.06 0.12 0.24 0.48 0.25 0.5 1.0 0.094 0.188 0.376 0.752 0.238 0.476 0.857 1.542 1.16 2.08 0.02 0.06 0.12 0.24 0.48 0.248 0.496 0.992 0.094 0.188 0.376 0.752 0.238 0.476 0.857 1.542 1.33 2.39 0.02 0.06 0.12 0.24 0.48 0.27 0.54 1.08 0.115 0.23 0.46 0.92 0.273 0.546 0.983 1.769 1.33 2.39 0.02 0.06 0.12 0.24 0.48 0.294 0.588 1.176 0.138 0.276 0.552 1.104 0.295 0.59 1.062 1.912 1.51 2.7 0.02 0.06 0.12 0.24 0.48 0.27 0.54 1.08 0.12 0.24 0.48 0.96 0.256 0.512 0.922 1.659 1.33 2.39 0.024 0.081 0.162 0.324 0.648 0.281 0.562 1.124 0.142 0.284 0.568 1.136 0.295 0.59 1.062 1.912 1.51 2.7 0.021 0.073 0.146 0.292 0.584 0.258 0.516 1.032 0.123 0.246 0.492 0.984 0.256 0.512 0.922 1.659 1.33 2.39 0.029 0.071 0.142 0.284 0.568 0.278 0.556 1.112 0.12 0.239 0.478 0.956 0.256 0.512 0.922 1.66 1.33 2.39
priceOS1
 0.133 0.266 0.532 1.064 0.188 0.376 0.752 1.504 3.008 0.3 0.6 1.08 1.944 3.5 0.973 1.946 3.891 7.782 0.133 0.266 0.532 1.064 0.188 0.376 0.752 1.504 3.008 0.3 0.6 1.08 1.944 3.5 0.973 1.946 3.891 7.782 0.14 0.28 0.56 1.12 0.188 0.376 0.752 1.504 3.008 0.33 0.652 1.173 2.111 3.8 1.058 2.116 4.232 8.464 0.146 0.292 0.584 1.169 0.212 0.424 0.848 1.696 3.392 0.335 0.671 1.222 2.228 4.069 1.133 2.267 4.532 9.064 0.161 0.322 0.644 1.288 0.238 0.477 0.935 1.906 3.813 0.323 0.646 1.192 2.447 4.6 1.169 2.337 4.674 9.348 0.151 0.302 0.603 1.206 0.231 0.462 0.925 1.849 3.699 0.31 0.62 1.219 2.276 4.25 1.113 2.226 4.451 8.903 0.161 0.322 0.644 1.288 0.238 0.477 0.935 1.906 3.813 0.323 0.646 1.192 2.447 4.6 1.169 2.337 4.674 9.348 0.102 0.215 0.430 0.801 1.484 0.235 0.470 0.881 1.644 0.197 0.394 0.729 1.340 0.106 0.223 0.446 0.833 1.548 0.245 0.490 0.921 1.724 0.203 0.406 0.753 1.388 0.106 0.223 0.446 0.833 1.548 0.245 0.490 0.921 1.724 0.203 0.406 0.753 1.388 0.02 0.09 0.18 0.36 0.72 0.33 0.66 1.32 0.171 0.342 0.684 1.368 0.403 0.806 1.451 2.611 1.64 3.04 0.02 0.09 0.18 0.36 0.72 0.3 0.6 1.2 0.159 0.318 0.636 1.272 0.366 0.732 1.318 2.372 1.89 3.5 0.02 0.09 0.18 0.36 0.72 0.34 0.68 1.36 0.183 0.366 0.732 1.464 0.421 0.842 1.516 2.728 1.89 3.5 0.02 0.09 0.18 0.36 0.72 0.36 0.72 1.44 0.224 0.448 0.896 1.792 0.453 0.906 1.631 2.935 2.13 3.95 0.02 0.09 0.18 0.36 0.72 0.32 0.64 1.28 0.195 0.39 0.78 1.56 0.394 0.788 1.418 2.553 1.89 3.5 0.024 0.106 0.212 0.424 0.848 0.35 0.7 1.4 0.211 0.422 0.844 1.688 0.436 0.872 1.57 2.825 2.13 3.95 0.021 0.095 0.19 0.38 0.76 0.31 0.62 1.24 0.183 0.366 0.732 1.464 0.378 0.756 1.361 2.449 1.89 3.5 0.029 0.113 0.226 0.452 0.904 0.349 0.698 1.396 0.196 0.393 0.786 1.571 0.394 0.788 1.419 2.554 1.89 3.5
# - client 2 requirements:
N
250
Tf
 3 5 5 5 4 4 5 4 4 5 5 5 4 2 3 2 3 4 2 4 5 4 4 3 4 3 3 4 4 5 5 4 3 4 3 3 2 5 2 5 3 3 4 3 3 4 2 3 4 4 2 3 4 3 4 2 5 5 5 3 5 4 3 5 2 5 3 5 2 4 4 3 5 2 5 2 3 5 2 4 2 3 4 3 2 5 4 4 3 2 5 2 2 3 2 4 3 3 4 5 4 5 4 3 3 5 2 5 4 3 2 3 5 3 4 3 2 3 5 4 2 2 4 4 3 4 3 2 3 5 4 2 4 5 4 4 3 2 3 5 2 4 5 3 3 2 4 3 4 4 4 4 2 5 3 4 2 2 4 3 4 3 2 3 2 3 4 4 2 2 4 4 4 5 5 4 5 3 5 2 3 3 5 3 4 4 5 3 3 3 2 2 4 5 2 3 3 2 5 2 5 3 3 3 5 5 3 4 4 3 4 4 4 3 5 4 5 2 2 4 3 4 5 4 2 2 3 4 4 5 3 5 3 2 4 5 5 2 3 5 2 3 5 3 3 2 2 3 5 5
C
 37.70 37.70 85.55 87.00 13.05 104.40 14.50 44.95 53.65 13.05 75.40 30.45 71.05 44.95 27.55 97.15 79.75 81.20 47.85 88.45 82.65 29.00 7.25 14.50 4.35 88.45 97.15 95.70 33.35 73.95 36.25 18.85 88.45 7.25 4.35 39.15 42.05 63.80 44.95 11.60 31.90 8.70 50.75 104.40 100.05 79.75 62.35 53.65 72.50 66.70 52.20 85.55 94.25 50.75 104.40 2.90 60.90 63.80 14.50 13.05 17.40 95.70 56.55 72.50 46.40 30.45 56.55 20.30 101.50 46.40 81.20 44.95 92.80 101.50 84.10 40.60 102.95 24.65 17.40 88.45 78.30 24.65 46.40 59.45 85.55 85.55 97.15 71.05 24.65 20.30 33.35 44.95 8.70 59.45 44.95 27.55 29.00 27.55 60.90 63.80 76.85 44.95 43.50 11.60 82.65 43.50 43.50 102.95 81.20 78.30 100.05 11.60 81.20 76.85 52.20 92.80 62.35 8.70 20.30 36.25 42.05 76.85 100.05 104.40 56.55 59.45 15.95 87.00 78.30 56.55 78.30 85.55 39.15 60.90 18.85 79.75 30.45 66.70 7.25 40.60 55.10 24.65 2.90 18.85 44.95 75.40 73.95 4.35 79.75 44.95 26.10 72.50 62.35 52.20 59.45 75.40 37.70 69.60 36.25 33.35 84.10 18.85 66.70 75.40 34.80 92.80 37.70 58.00 46.40 43.50 36.25 15.95 60.90 69.60 71.05 65.25 10.15 91.35 42.05 69.60 59.45 24.65 79.75 46.40 85.55 73.95 88.45 58.00 69.60 102.95 42.05 94.25 20.30 56.55 55.10 71.05 30.45 50.75 33.35 79.75 56.55 29.00 69.60 98.60 89.90 50.75 40.60 10.15 75.40 42.05 23.20 44.95 53.65 31.90 47.85 75.40 11.60 68.15 47.85 44.95 21.75 7.25 102.95 69.60 14.50 37.70 29.00 63.80 60.90 13.05 101.50 49.30 60.90 2.90 79.75 29.00 56.55 91.35 58.00 14.50 17.40 43.50 14.50 14.50 94.25 97.15 49.30 81.20 13.05 15.95
LO
 1 2 4 0 1 5 5 3 4 1 3 3 5 5 2 0 4 2 4 0 3 1 1 4 4 3 2 0 1 3 2 1 1 0 1 4 3 3 3 4 4 0 5 1 2 3 5 4 3 1 1 1 3 2 4 2 1 3 4 0 3 4 2 0 4 0 0 3 3 1 4 1 2 2 0 3 5 5 1 2 5 3 2 3 1 4 1 4 5 1 0 0 5 2 1 1 3 2 0 5 5 3 0 3 1 4 3 2 3 5 4 0 3 2 4 2 1 0 2 4 0 0 3 3 4 2 1 3 2 4 3 3 0 4 2 1 1 2 0 5 2 1 0 3 1 0 0 5 0 3 4 4 4 1 2 5 5 3 0 3 5 4 0 4 0 0 0 5 5 3 0 4 3 0 5 0 1 3 2 3 5 5 3 3 3 4 0 2 5 3 1 3 2 1 0 4 5 0 3 5 0 0 2 4 3 0 0 1 4 1 2 2 4 1 0 4 5 4 0 1 2 3 0 1 5 1 0 3 0 1 5 3 3 3 3 1 5 5 5 0 2 2 1 3 2 5 0 3 5 5
D
 985 933 432 711 850 479 735 233 651 299 909 168 274 314 270 202 267 652 906 235 662 186 507 940 500 834 533 665 328 362 688 621 821 509 824 914 210 316 472 960 493 139 648 616 200 787 454 702 468 299 790 905 336 974 314 339 288 544 131 715 725 143 263 601 829 728 862 642 171 966 668 119 939 839 997 602 228 594 290 571 572 644 242 853 657 171 651 325 494 611 709 615 399 891 277 357 891 763 957 333 593 165 992 298 456 607 719 486 785 506 460 334 846 780 301 339 370 402 455 401 403 379 738 683 720 224 917 176 204 859 236 770 668 968 904 138 440 816 203 911 611 788 125 682 718 400 879 627 217 267 858 627 766 156 404 944 341 443 776 602 900 603 802 917 846 643 124 274 692 488 556 372 514 218 605 962 155 687 139 213 570 155 408 208 416 367 156 939 150 978 187 740 777 893 978 277 903 356 220 542 151 716 325 827 421 170 758 191 486 658 439 235 758 411 505 436 757 944 890 227 819 846 862 784 682 268 942 330 141 217 335 434 210 672 273 899 370 895 856 710 251 353 946 357 672 639 677 509 299 522
OS
 1 1 1 1 1 0 1 0 1 0 0 1 0 0 0 0 1 0 0 0 1 0 1 1 0 1 0 0 1 0 1 1 0 0 0 0 0 1 1 0 0 1 1 1 0 1 0 1 0 0 1 0 1 1 0 0 1 0 0 0 1 0 1 1 1 0 1 1 0 0 0 1 0 0 0 1 0 1 0 0 1 0 1 1 1 0 0 0 1 0 0 0 0 0 1 0 1 1 1 0 1 0 1 1 0 0 1 1 0 0 1 1 0 0 0 0 1 0 1 0 0 0 0 0 0 0 0 0 0 1 0 1 1 0 0 1 1 0 0 1 0 0 0 1 1 1 0 1 1 1 1 1 0 1 1 1 1 1 0 0 0 1 1 1 1 0 0 0 0 0 0 1 1 0 1 1 1 0 1 1 1 0 1 0 1 1 0 1 0 1 1 1 0 0 0 0 1 0 0 1 1 0 1 1 0 1 1 0 1 1 1 1 1 0 0 1 0 1 0 0 1 1 0 0 0 1 1 1 1 1 0 0 0 1 1 1 0 0 0 1 0 1 0 1 0 1 1 1 1 0
F
 15503040 15704640 35582400 35854560 5281920 43313760 5564160 18224640 22155840 5211360 31157280 12579840 29221920 18516960 11128320 40511520 32699520 33556320 19555200 36620640 33868800 11702880 2802240 5785920 1632960 36660960 40057920 39846240 13769280 30552480 15089760 7348320 36580320 2761920 1612800 16208640 17398080 26510400 18557280 4324320 13073760 3548160 21097440 43444800 41610240 32820480 25724160 21803040 29655360 27669600 21742560 35511840 39160800 20563200 43535520 1088640 25290720 26208000 5705280 5241600 6945120 39422880 23012640 29776320 19162080 12529440 23032800 8447040 41973120 18900000 33294240 18738720 38475360 41882400 34584480 16773120 42759360 9686880 6874560 36610560 32487840 9969120 18869760 24625440 35602560 35612640 40088160 29242080 9767520 8003520 13446720 18627840 3447360 24202080 18637920 10926720 11743200 11360160 24877440 26248320 31570560 18154080 17549280 4687200 34322400 17640000 18123840 42789600 33757920 32084640 41590080 4404960 33425280 31893120 21409920 38324160 25421760 3487680 8134560 14767200 16944480 31580640 41569920 43243200 23052960 24292800 6511680 36257760 32568480 23234400 32084640 35390880 16077600 25099200 7539840 32820480 12559680 27276480 2953440 16823520 22438080 9747360 786240 7670880 18627840 31409280 30572640 1491840 33072480 18446400 10291680 29967840 25966080 21188160 24333120 31036320 15392160 28617120 14747040 13728960 35048160 7439040 27246240 31298400 14081760 38172960 15140160 24030720 19101600 17771040 15089760 6168960 25008480 28738080 29443680 26712000 4193280 37709280 17045280 28778400 24564960 10251360 32770080 19182240 35088480 30280320 36489600 23748480 28707840 42446880 17448480 38747520 7892640 23385600 22599360 29030400 12196800 21127680 13517280 32689440 23214240 11793600 28637280 40572000 37003680 20704320 16682400 3790080 31429440 17388000 9606240 18194400 22105440 12741120 19494720 31177440 4626720 28314720 19605600 18527040 9041760 2691360 42467040 28818720 5715360 15160320 11985120 26510400 24927840 5130720 42033600 19998720 25290720 1159200 32659200 11632320 23506560 37598400 23788800 5906880 6874560 17660160 6027840 5745600 38717280 40269600 20321280 33415200 5100480 6531840
M
 3 2 4 2 1 3 4 3 3 3 2 3 1 4 1 1 4 3 1 2 4 3 4 3 3 1 1 2 2 3 1 2 1 2 1 2 3 3 4 4 3 4 2 3 1 3 3 2 3 1 2 2 4 4 1 2 3 3 2 3 1 4 2 1 1 3 4 2 4 4 3 4 1 1 1 3 4 2 3 3 2 3 4 1 4 1 2 2 2 3 1 2 4 4 3 3 4 3 2 3 4 2 3 1 2 3 3 1 4 2 2 3 1 3 4 4 1 2 1 4 4 4 3 2 1 1 4 2 4 3 1 3 2 3 2 3 3 2 2 4 4 3 3 1 4 3 4 2 4 4 3 3 2 2 1 3 3 1 1 1 2 4 3 1 3 4 4 2 1 4 2 1 4 3 2 1 3 3 4 2 4 3 4 3 2 3 3 2 2 1 2 2 1 3 4 3 4 2 4 3 3 1 2 1 3 1 3 1 2 2 2 4 4 2 3 2 2 1 3 4 4 3 2 4 3 2 1 4 1 4 4 3 1 4 3 4 1 4 2 2 4 4 2 3 4 1 2 4 4 3
