## - cloud resource specifications
numberOfClouds 
 3
packagename
 m3.medium m3.large m3.xlarge m3.2xlarge c3.large c3.xlarge c3.2xlarge c3.4xlarge c3.8xlarge r3.large r3.xlarge r3.2xlarge r3.4xlarge r3.8xlarge i2.xlarge i2.2xlarge i2.4xlarge i2.8xlarge n1-standard-1 n1-standard-2 n1-standard-4 n1-standard-8 n1-standard-16 n1-highcpu-2 n1-highcpu-4 n1-highcpu-8 n1-highcpu-16 n1-highmem-2 n1-highmem-4 n1-highmem-8 n1-highmem-16 A0 A1 A2 A3 A4 A5 A6 A7 D1 D2 D3 D4 D11 D12 D13 D14 A10 A11
package
 18 13 18
Gflops
 190 380 760 1520 426 852 1704 3408 6816 380 760 1520 3040 6080 760 1520 3040 6080 159 317 634 1268 2536 317 634 1268 2536 317 634 1268 2536 168 168 335 670 1340 670 1340 2680 335 670 1340 2680 670 1340 2680 5360 3040 6080
ram
 3.75 7.5 15 30 3.75 7.5 15 30 60 15.25 30.5 61 122 244 30.5 61 122 244 3.75 7.5 15 30 60 1.8 3.6 7.2 14.4 13 26 52 104 0.75 1.75 3.5 7.0 14.0 14.0 28.0 56.0 3.5 7.0 14.0 28.0 14.0 28.0 56.0 112.0 56.0 112.0
disk
 4.0 32.0 80.0 160.0 32.0 80.0 160.0 320.0 640.0 32.0 80.0 160.0 320.0 640.0 800.0 1600.0 3200.0 6400.0 100.0 250.0 500.0 750.0 1000.0 250.0 500.0 750.0 1000.0 250.0 500.0 750.0 1000.0 20.0 70.0 135.0 285.0 605.0 135.0 285.0 605.0 50.0 100.0 200.0 400.0 100.0 200.0 400.0 800.0 382.0 382.0
locationProvider
 7 3 8
locationID
 1 1 2 2 3 4 5 1 2 3 1 2 2 3 3 4 4 5
priceOS0
 0.07 0.14 0.28 0.56 0.105 0.21 0.42 0.84 1.68 0.175 0.35 0.7 1.4 2.8 0.853 1.705 3.41 6.82 0.077 0.154 0.308 0.616 0.12 0.239 0.478 0.956 1.912 0.195 0.39 0.78 1.56 3.12 0.938 1.876 3.751 7.502 0.077 0.154 0.308 0.616 0.12 0.239 0.478 0.956 1.912 0.195 0.39 0.78 1.56 3.12 0.938 1.876 3.751 7.502 0.083 0.166 0.332 0.665 0.129 0.258 0.516 1.032 2.064 0.21 0.421 0.842 1.684 3.369 1.013 2.026 4.051 8.102 0.098 0.196 0.392 0.784 0.132 0.265 0.529 1.058 2.117 0.21 0.42 0.84 1.68 3.36 1.018 2.035 4.07 8.14 0.101 0.203 0.405 0.81 0.128 0.255 0.511 1.021 2.043 0.21 0.42 0.84 1.68 3.36 1.001 2.001 4.002 8.004 0.098 0.196 0.392 0.784 0.132 0.265 0.529 1.058 2.117 0.21 0.42 0.84 1.68 3.36 1.018 2.035 4.07 8.14 0.122 0.255 0.510 1.521 2.924 0.275 0.550 1.601 3.084 0.237 0.474 1.449 2.780 0.126 0.263 0.526 1.553 2.988 0.285 0.570 1.641 3.164 0.243 0.486 1.473 2.828 0.126 0.263 0.526 1.553 2.988 0.285 0.570 1.641 3.164 0.243 0.486 1.473 2.828 0.02 0.06 0.12 0.24 0.48 0.25 0.5 1.0 0.094 0.188 0.376 0.752 0.238 0.476 0.857 1.542 1.16 2.08 0.02 0.06 0.12 0.24 0.48 0.248 0.496 0.992 0.094 0.188 0.376 0.752 0.238 0.476 0.857 1.542 1.33 2.39 0.02 0.06 0.12 0.24 0.48 0.27 0.54 1.08 0.115 0.23 0.46 0.92 0.273 0.546 0.983 1.769 1.33 2.39 0.02 0.06 0.12 0.24 0.48 0.294 0.588 1.176 0.138 0.276 0.552 1.104 0.295 0.59 1.062 1.912 1.51 2.7 0.02 0.06 0.12 0.24 0.48 0.27 0.54 1.08 0.12 0.24 0.48 0.96 0.256 0.512 0.922 1.659 1.33 2.39 0.024 0.081 0.162 0.324 0.648 0.281 0.562 1.124 0.142 0.284 0.568 1.136 0.295 0.59 1.062 1.912 1.51 2.7 0.021 0.073 0.146 0.292 0.584 0.258 0.516 1.032 0.123 0.246 0.492 0.984 0.256 0.512 0.922 1.659 1.33 2.39 0.029 0.071 0.142 0.284 0.568 0.278 0.556 1.112 0.12 0.239 0.478 0.956 0.256 0.512 0.922 1.66 1.33 2.39
priceOS1
 0.133 0.266 0.532 1.064 0.188 0.376 0.752 1.504 3.008 0.3 0.6 1.08 1.944 3.5 0.973 1.946 3.891 7.782 0.133 0.266 0.532 1.064 0.188 0.376 0.752 1.504 3.008 0.3 0.6 1.08 1.944 3.5 0.973 1.946 3.891 7.782 0.14 0.28 0.56 1.12 0.188 0.376 0.752 1.504 3.008 0.33 0.652 1.173 2.111 3.8 1.058 2.116 4.232 8.464 0.146 0.292 0.584 1.169 0.212 0.424 0.848 1.696 3.392 0.335 0.671 1.222 2.228 4.069 1.133 2.267 4.532 9.064 0.161 0.322 0.644 1.288 0.238 0.477 0.935 1.906 3.813 0.323 0.646 1.192 2.447 4.6 1.169 2.337 4.674 9.348 0.151 0.302 0.603 1.206 0.231 0.462 0.925 1.849 3.699 0.31 0.62 1.219 2.276 4.25 1.113 2.226 4.451 8.903 0.161 0.322 0.644 1.288 0.238 0.477 0.935 1.906 3.813 0.323 0.646 1.192 2.447 4.6 1.169 2.337 4.674 9.348 0.102 0.215 0.430 0.801 1.484 0.235 0.470 0.881 1.644 0.197 0.394 0.729 1.340 0.106 0.223 0.446 0.833 1.548 0.245 0.490 0.921 1.724 0.203 0.406 0.753 1.388 0.106 0.223 0.446 0.833 1.548 0.245 0.490 0.921 1.724 0.203 0.406 0.753 1.388 0.02 0.09 0.18 0.36 0.72 0.33 0.66 1.32 0.171 0.342 0.684 1.368 0.403 0.806 1.451 2.611 1.64 3.04 0.02 0.09 0.18 0.36 0.72 0.3 0.6 1.2 0.159 0.318 0.636 1.272 0.366 0.732 1.318 2.372 1.89 3.5 0.02 0.09 0.18 0.36 0.72 0.34 0.68 1.36 0.183 0.366 0.732 1.464 0.421 0.842 1.516 2.728 1.89 3.5 0.02 0.09 0.18 0.36 0.72 0.36 0.72 1.44 0.224 0.448 0.896 1.792 0.453 0.906 1.631 2.935 2.13 3.95 0.02 0.09 0.18 0.36 0.72 0.32 0.64 1.28 0.195 0.39 0.78 1.56 0.394 0.788 1.418 2.553 1.89 3.5 0.024 0.106 0.212 0.424 0.848 0.35 0.7 1.4 0.211 0.422 0.844 1.688 0.436 0.872 1.57 2.825 2.13 3.95 0.021 0.095 0.19 0.38 0.76 0.31 0.62 1.24 0.183 0.366 0.732 1.464 0.378 0.756 1.361 2.449 1.89 3.5 0.029 0.113 0.226 0.452 0.904 0.349 0.698 1.396 0.196 0.393 0.786 1.571 0.394 0.788 1.419 2.554 1.89 3.5
# - client 2 requirements:
N
1000
Tf
 5 2 3 3 5 4 5 5 5 3 3 4 4 2 2 5 2 4 5 2 2 5 5 2 5 2 2 5 5 2 4 4 4 2 5 2 5 5 3 5 4 5 5 2 4 4 3 4 5 3 4 5 3 5 5 3 2 5 4 3 5 2 5 3 4 4 2 4 5 2 5 2 3 4 5 4 3 5 4 3 5 5 3 5 2 5 4 2 3 3 4 2 3 4 3 3 5 4 5 5 4 5 5 4 2 2 4 3 3 5 3 4 2 2 4 5 3 5 3 4 2 4 2 3 2 2 3 5 3 5 4 4 4 3 5 3 5 4 2 5 3 2 2 2 2 5 4 2 2 3 4 2 3 5 4 3 5 2 4 2 3 4 4 4 5 3 5 5 5 5 5 3 5 3 2 4 4 3 2 4 5 5 5 4 5 4 5 3 2 3 4 2 2 4 2 4 2 2 3 5 4 5 2 4 3 2 5 5 5 3 3 5 4 2 4 2 2 3 2 3 3 4 2 5 3 5 5 2 3 3 4 4 4 5 3 4 3 3 5 4 2 2 4 5 4 4 4 4 3 4 2 3 3 4 4 4 5 4 3 4 3 5 4 3 5 3 2 3 2 5 4 5 3 2 5 5 2 4 3 3 4 2 5 4 3 2 4 5 4 4 5 4 4 3 3 3 3 4 5 4 5 3 5 2 5 5 4 3 4 2 2 3 3 5 5 3 4 5 2 4 3 2 4 2 4 4 3 3 4 2 2 5 5 4 4 2 4 5 5 5 2 3 3 4 5 3 5 4 2 2 3 4 3 5 4 4 5 4 5 2 3 5 5 4 2 5 3 2 5 4 3 2 5 3 3 3 4 4 3 4 3 3 2 2 2 5 2 5 5 4 5 5 3 3 3 5 3 5 4 3 2 4 3 2 3 5 4 4 5 2 4 2 5 5 2 2 3 5 5 3 5 2 2 4 4 3 3 3 2 2 3 5 4 3 2 5 2 3 3 5 5 2 3 3 5 5 4 4 4 5 2 5 5 4 5 3 4 2 4 2 2 3 5 3 4 4 2 4 4 4 3 4 2 2 4 3 3 5 4 3 4 3 5 5 2 5 3 5 5 5 3 5 4 4 4 4 5 3 5 2 3 5 4 2 5 2 5 5 3 4 4 3 5 5 2 3 5 5 2 4 3 3 4 2 3 4 3 4 5 5 2 5 4 4 3 3 5 5 3 5 3 5 5 4 4 4 3 5 4 4 5 4 4 5 3 2 5 3 5 5 4 3 2 5 2 3 3 5 3 3 4 2 5 2 3 2 4 5 3 5 5 5 2 4 3 2 5 5 5 4 2 3 5 2 5 3 4 4 2 4 3 2 4 4 3 4 5 5 3 5 3 3 2 4 3 2 3 4 3 5 5 3 5 2 3 2 3 4 3 3 3 4 2 4 4 2 5 3 4 5 2 2 2 4 5 2 2 2 2 3 3 4 3 5 3 4 3 4 4 3 2 5 2 3 4 4 3 4 4 4 4 2 4 3 2 5 4 4 4 5 5 5 4 5 4 5 4 3 2 3 5 2 5 4 3 2 2 2 4 4 5 3 3 2 2 5 3 3 3 2 4 3 3 5 5 3 3 4 5 2 3 3 3 3 3 4 2 4 5 3 4 3 4 5 4 5 4 3 4 4 5 2 3 2 5 4 5 2 2 4 5 5 4 4 2 3 5 5 5 2 2 4 2 5 4 4 3 4 4 5 4 4 2 4 3 4 3 2 5 3 4 5 2 4 2 2 2 4 2 5 3 3 3 2 5 2 2 2 5 5 5 3 4 5 3 3 2 3 2 5 2 3 3 5 5 2 4 4 5 4 5 2 5 3 4 5 5 2 4 3 5 3 2 5 5 4 4 2 2 5 2 2 2 5 4 2 5 3 5 5 2 4 2 2 4 3 2 3 3 5 3 5 2 5 3 5 3 4 2 5 5 4 3 5 2 5 4 5 4 2 4 3 3 4 4 4 4 2 4 5 4 3 5 2 5 3 4 5 2 3 3 2 2 2 5 3 4 4 3 2 2 4 4 2 4 5 5 2 4 3 2 5 3 4 5 4 4 4 5 4 3 4 2 2 4 2 4 4 5 4 2 5 4 2 3 3 5 2 5 3 3 5 2 2 4 5 2 5 3 4 4 5 2 4 5 3 2 2 3 5 3 5 4 5 3 3 4 2 4 2 5 5 2 4 3 2 2 4 5 2 5 3 3 2 2 5 5 3 3 5
C
 0.56 0.56 0.56 0.56 0.56 0.56 0.56 0.56 0.56 0.56 0.56 0.56 0.56 0.56 0.56 0.56 0.56 0.56 0.56 0.56 0.56 0.56 0.56 0.56 0.56 0.56 0.56 0.56 0.56 0.56 0.56 0.56 0.56 0.56 0.56 0.56 0.56 0.56 0.56 0.56 0.56 0.56 0.56 0.56 0.56 0.56 0.56 0.56 0.56 0.56 0.56 0.56 0.56 0.56 0.56 0.56 0.56 0.56 0.56 0.56 0.56 0.56 0.56 0.56 0.56 0.56 0.56 0.56 0.56 0.56 0.56 0.56 0.56 0.56 0.56 0.56 0.56 0.56 0.56 0.56 0.56 0.56 1.12 0.56 0.56 0.56 0.56 0.56 0.56 0.56 0.56 0.56 0.56 0.56 0.56 0.56 0.56 0.56 0.56 0.56 0.56 0.56 0.56 0.56 0.56 0.56 0.56 0.56 0.56 0.56 0.56 0.56 0.56 0.56 0.56 0.56 0.56 0.56 0.56 0.56 0.56 0.56 0.56 0.56 0.56 0.56 0.56 0.56 0.56 0.56 0.56 0.56 0.56 0.56 0.56 0.56 0.56 0.56 0.56 0.56 0.56 0.56 0.56 0.56 0.56 0.56 0.56 0.56 0.56 0.56 0.56 0.56 0.56 0.56 0.56 0.56 0.56 0.56 0.56 0.56 0.56 0.56 0.56 1.12 0.56 0.56 0.56 0.56 0.56 0.56 0.56 0.56 0.56 0.56 0.56 0.56 0.56 0.56 0.56 0.56 0.56 0.56 0.56 0.56 0.56 0.56 1.12 0.56 0.56 0.56 0.56 0.56 0.56 0.56 0.56 0.56 0.56 0.56 0.56 0.56 0.56 0.56 0.56 0.56 0.56 0.56 0.56 0.56 0.56 0.56 0.56 0.56 0.56 0.56 0.56 0.56 0.56 0.56 0.56 0.56 0.56 0.56 0.56 0.56 0.56 0.56 0.56 0.56 0.56 0.56 0.56 0.56 0.56 0.56 0.56 0.56 0.56 0.56 0.56 0.56 0.56 0.56 0.56 0.56 0.56 0.56 0.56 0.56 0.56 0.56 0.56 0.56 0.56 0.56 0.56 0.56 0.56 0.56 0.56 0.56 0.56 0.56 0.56 1.12 0.56 0.56 0.56 0.56 0.56 0.56 0.56 0.56 0.56 0.56 0.56 0.56 0.56 1.12 0.56 0.56 0.56 0.56 0.56 0.56 0.56 0.56 0.56 0.56 0.56 0.56 0.56 0.56 0.56 0.56 0.56 0.56 0.56 0.56 0.56 0.56 0.56 0.56 0.56 0.56 0.56 0.56 0.56 1.12 0.56 0.56 0.56 0.56 0.56 0.56 0.56 0.56 0.56 0.56 0.56 0.56 0.56 0.56 0.56 0.56 0.56 0.56 0.56 0.56 0.56 0.56 0.56 0.56 0.56 0.56 0.56 0.56 0.56 0.56 0.56 0.56 0.56 0.56 0.56 0.56 0.56 0.56 0.56 0.56 0.56 0.56 0.56 0.56 0.56 0.56 0.56 0.56 0.56 0.56 0.56 0.56 0.56 1.12 0.56 0.56 0.56 0.56 0.56 0.56 0.56 0.56 0.56 0.56 0.56 0.56 0.56 0.56 0.56 0.56 0.56 0.56 0.56 0.56 0.56 0.56 0.56 0.56 0.56 0.56 0.56 0.56 0.56 0.56 0.56 0.56 0.56 0.56 0.56 0.56 0.56 0.56 0.56 0.56 0.56 0.56 0.56 0.56 0.56 0.56 0.56 0.56 0.56 0.56 0.56 0.56 0.56 0.56 0.56 0.56 0.56 0.56 0.56 0.56 0.56 0.56 0.56 0.56 0.56 0.56 0.56 0.56 0.56 0.56 0.56 0.56 0.56 0.56 0.56 0.56 0.56 0.56 0.56 0.56 0.56 0.56 0.56 0.56 0.56 0.56 0.56 0.56 0.56 0.56 0.56 0.56 0.56 0.56 0.56 0.56 0.56 0.56 0.56 0.56 0.56 0.56 0.56 1.12 0.56 0.56 0.56 0.56 0.56 0.56 0.56 0.56 0.56 0.56 0.56 0.56 0.56 0.56 0.56 0.56 0.56 0.56 0.56 0.56 0.56 0.56 0.56 0.56 0.56 0.56 0.56 0.56 0.56 0.56 0.56 0.56 1.12 0.56 0.56 0.56 0.56 0.56 0.56 0.56 0.56 0.56 0.56 0.56 1.12 0.56 0.56 0.56 0.56 0.56 0.56 0.56 0.56 0.56 1.12 0.56 0.56 0.56 0.56 0.56 0.56 0.56 0.56 0.56 0.56 0.56 0.56 0.56 0.56 0.56 0.56 0.56 0.56 0.56 0.56 0.56 0.56 0.56 0.56 0.56 0.56 0.56 0.56 0.56 0.56 0.56 0.56 0.56 0.56 0.56 0.56 0.56 0.56 0.56 0.56 0.56 0.56 0.56 0.56 0.56 0.56 0.56 0.56 0.56 0.56 0.56 0.56 0.56 0.56 0.56 0.56 0.56 0.56 0.56 0.56 0.56 0.56 0.56 0.56 0.56 0.56 0.56 0.56 0.56 0.56 0.56 0.56 0.56 0.56 0.56 0.56 0.56 0.56 0.56 0.56 0.56 0.56 0.56 0.56 0.56 0.56 0.56 0.56 0.56 0.56 0.56 0.56 0.56 0.56 0.56 0.56 0.56 0.56 0.56 0.56 0.56 0.56 0.56 0.56 0.56 0.56 0.56 0.56 0.56 0.56 0.56 0.56 0.56 0.56 0.56 0.56 0.56 0.56 0.56 1.12 0.56 0.56 0.56 0.56 0.56 0.56 0.56 0.56 0.56 1.12 0.56 0.56 0.56 0.56 0.56 0.56 0.56 0.56 0.56 0.56 0.56 0.56 0.56 0.56 0.56 0.56 0.56 0.56 0.56 0.56 0.56 0.56 0.56 1.12 0.56 0.56 0.56 0.56 0.56 0.56 0.56 0.56 0.56 0.56 0.56 0.56 0.56 0.56 0.56 0.56 0.56 0.56 0.56 0.56 0.56 0.56 0.56 0.56 0.56 0.56 0.56 0.56 0.56 0.56 0.56 0.56 0.56 0.56 0.56 0.56 0.56 0.56 0.56 0.56 0.56 0.56 0.56 0.56 0.56 0.56 0.56 0.56 0.56 0.56 0.56 0.56 0.56 0.56 0.56 0.56 0.56 0.56 0.56 1.12 0.56 0.56 0.56 0.56 0.56 0.56 0.56 0.56 0.56 0.56 0.56 0.56 0.56 0.56 0.56 0.56 0.56 0.56 0.56 0.56 0.56 0.56 0.56 0.56 0.56 0.56 0.56 0.56 0.56 0.56 0.56 0.56 0.56 0.56 0.56 0.56 0.56 0.56 0.56 0.56 0.56 0.56 0.56 0.56 0.56 0.56 0.56 0.56 0.56 0.56 0.56 0.56 0.56 0.56 0.56 0.56 0.56 0.56 0.56 0.56 0.56 0.56 0.56 0.56 0.56 0.56 0.56 0.56 0.56 0.56 0.56 0.56 0.56 0.56 0.56 0.56 0.56 0.56 0.56 0.56 0.56 0.56 0.56 0.56 0.56 0.56 0.56 0.56 0.56 1.12 0.56 0.56 0.56 0.56 0.56 0.56 0.56 0.56 0.56 0.56 0.56 0.56 0.56 0.56 0.56 0.56 0.56 0.56 0.56 0.56 0.56 0.56 0.56 0.56 0.56 0.56 0.56 0.56 0.56 0.56 0.56 0.56 0.56 0.56 0.56 0.56 0.56 0.56 0.56 0.56 0.56 0.56 0.56 0.56 0.56 0.56 0.56 0.56 0.56 0.56 0.56 0.56 0.56 0.56 0.56 0.56 0.56 0.56 0.56 0.56 0.56 0.56 0.56 0.56 0.56 0.56 0.56 0.56 0.56 0.56 0.56 0.56 0.56 0.56 0.56 0.56 0.56 0.56 0.56 0.56 0.56 0.56 0.56 0.56 0.56 0.56 0.56 0.56 0.56 0.56 0.56 0.56 0.56 0.56 0.56 0.56 0.56 0.56 0.56 0.56 0.56 0.56 0.56 0.56 0.56 0.56 0.56 0.56 0.56 0.56 0.56 0.56 0.56 0.56 0.56 0.56 0.56 0.56 0.56 0.56 0.56 0.56 0.56 0.56 0.56 0.56 0.56 0.56 0.56 0.56 0.56 0.56 0.56 0.56 0.56 0.56 0.56 0.56 0.56 0.56 0.56 0.56 0.56 0.56 0.56 0.56 0.56 1.12 0.56 0.56 0.56 0.56 0.56 0.56 0.56 0.56 0.56 0.56 0.56 0.56 0.56 0.56 0.56 0.56 0.56 0.56 0.56 0.56 0.56 0.56 0.56 0.56 0.56 0.56 0.56
LO
 0 4 5 4 3 2 1 0 1 5 1 1 3 0 3 0 5 3 3 0 0 2 1 3 0 4 2 2 2 3 3 1 0 0 5 3 5 2 0 0 1 3 4 4 4 1 0 5 2 5 0 4 0 0 4 3 4 5 0 1 2 1 5 1 3 2 1 4 3 5 0 1 0 2 3 2 0 2 4 3 3 2 1 4 1 4 3 5 0 4 5 3 0 4 1 3 0 4 0 5 3 2 4 4 1 5 1 5 2 4 0 3 2 2 4 3 3 3 1 5 5 3 1 5 4 5 3 2 2 0 3 0 0 2 1 2 5 0 3 5 3 4 1 0 1 2 3 4 0 4 3 1 2 4 2 1 1 5 3 1 2 2 4 3 4 3 5 0 5 3 5 1 1 1 4 0 1 5 3 2 3 2 4 1 4 2 5 5 3 0 1 4 5 3 1 3 3 4 4 3 1 1 1 3 5 2 1 5 2 1 3 4 4 4 0 5 0 5 3 3 1 3 1 0 4 1 5 1 5 0 2 3 2 4 4 3 3 1 2 3 3 1 1 5 2 2 5 3 5 0 2 1 5 1 2 0 4 4 4 4 4 1 5 2 3 0 0 4 4 5 0 2 5 5 3 0 3 1 0 4 2 5 0 4 4 2 0 1 0 0 4 2 0 3 1 5 3 1 1 0 0 3 2 5 5 4 0 0 1 0 2 0 1 4 3 4 4 5 2 2 5 5 4 4 5 1 3 4 0 1 4 3 2 2 5 3 1 0 3 3 4 4 3 5 3 1 4 2 1 1 3 5 1 0 3 1 5 5 5 3 4 0 4 4 4 5 3 2 3 4 0 5 2 4 3 2 2 5 2 0 5 5 3 0 5 5 5 5 0 0 4 0 2 1 3 1 2 2 4 3 2 5 5 1 5 0 2 4 5 4 5 2 2 2 5 4 1 4 4 2 0 1 5 2 3 4 1 2 2 0 3 0 5 1 2 5 4 1 2 5 2 1 0 5 0 5 3 4 4 3 1 0 5 2 0 4 2 1 0 0 0 2 1 0 2 4 0 5 1 2 1 2 2 4 1 1 5 1 5 3 2 0 0 5 5 0 4 3 0 4 1 5 4 3 2 2 1 5 4 0 3 4 2 0 1 5 4 0 5 0 5 1 0 2 4 4 2 3 3 5 3 3 3 5 4 2 0 1 3 2 0 5 4 2 4 4 4 3 2 4 0 1 1 5 2 3 4 3 3 5 5 5 5 3 0 3 4 2 0 2 3 5 0 1 2 4 3 0 1 2 1 5 4 1 5 4 4 4 4 3 0 3 2 0 5 4 4 1 0 1 1 3 0 4 1 2 0 5 1 5 5 2 0 0 1 5 2 4 3 4 4 0 4 0 2 0 0 0 4 3 3 0 1 4 0 3 0 5 0 2 4 0 1 1 5 4 4 2 3 0 5 4 2 2 2 4 1 4 3 1 5 4 5 0 3 4 4 4 5 1 3 2 2 1 0 5 4 1 0 4 1 5 2 2 1 2 0 4 2 1 0 3 5 2 3 2 0 3 4 1 2 4 2 0 5 5 5 4 4 1 5 4 0 4 2 1 5 0 5 1 4 3 0 4 2 1 3 3 4 1 3 5 5 1 1 4 0 5 3 0 0 4 4 1 0 5 5 1 0 2 4 4 2 1 0 2 3 1 4 1 3 0 5 2 1 1 0 3 5 5 3 4 2 4 1 2 5 0 4 1 4 2 1 0 2 0 1 0 2 0 4 3 4 5 1 2 1 1 1 3 3 2 1 4 0 4 4 0 4 4 1 0 3 1 4 4 2 4 1 5 5 1 4 2 0 1 1 0 5 3 4 2 5 1 1 0 3 3 1 1 0 1 2 4 3 3 5 4 5 2 0 4 5 5 1 1 5 5 3 4 1 1 1 4 5 2 0 3 5 2 3 4 0 3 4 0 5 0 0 5 5 3 5 3 0 4 1 5 0 1 2 5 5 0 4 1 2 2 2 0 3 1 0 0 1 2 2 5 3 1 3 4 1 0 2 5 5 0 2 0 0 4 5 1 0 0 3 2 5 2 3 3 5 5 5 4 1 5 5 1 3 4 4 0 2 3 5 2 3 3 2 1 3 3 5 1 3 1 2 5 4 3 2 3 5 3 0 5 0 3 5 4 0 3 4 0 2 0 4 2 0 3 1 3 1 0 1 2 4 1 1 3 1 5 3 4 0 3 1 5 4 1 1 3 0 4 4 4 0 5
D
 543 661 653 127 204 127 173 465 747 953 251 165 734 211 476 300 172 644 978 616 657 490 697 589 784 771 962 768 376 536 325 197 528 175 955 749 453 690 822 570 735 948 382 251 490 497 663 886 789 532 538 207 793 360 778 922 425 296 520 310 139 332 639 601 882 378 920 563 488 631 825 570 936 301 314 240 513 701 929 182 184 943 388 174 390 754 991 332 424 948 208 457 630 540 568 790 429 303 367 275 689 965 975 280 953 753 774 903 133 972 406 906 792 945 234 677 280 939 319 860 522 843 330 218 326 628 563 627 958 992 650 484 143 123 838 635 311 520 668 550 833 966 733 269 662 543 220 820 431 266 917 198 926 873 324 807 368 361 391 167 722 955 452 396 451 712 210 988 988 314 358 579 832 408 820 405 406 941 888 959 459 572 730 955 315 166 339 600 126 725 843 672 294 593 461 617 145 569 908 475 591 768 214 600 223 948 601 849 121 127 241 773 460 214 473 378 984 573 357 848 210 643 701 731 720 555 494 979 992 272 464 925 583 356 571 509 303 386 508 324 785 236 425 974 420 513 210 449 546 325 231 773 362 612 454 375 256 916 405 314 695 577 580 951 704 986 277 285 855 182 301 977 457 582 999 187 233 207 646 832 684 965 918 720 323 865 689 257 779 927 332 272 481 437 575 285 280 236 804 702 908 529 243 653 629 117 368 232 979 774 696 166 688 444 870 718 665 429 279 431 782 481 826 603 897 254 483 664 776 278 580 552 771 645 457 800 491 871 270 308 261 407 321 654 799 977 253 162 885 995 395 820 157 944 231 868 790 598 550 817 217 153 878 530 921 687 791 912 149 353 723 168 465 944 537 265 566 980 315 423 177 803 182 947 553 801 343 807 982 784 788 855 254 526 728 882 977 495 356 495 460 607 461 311 870 757 900 847 118 242 364 772 872 870 679 469 115 864 303 855 352 372 234 183 297 197 377 934 632 279 627 487 687 486 394 342 316 279 783 254 320 926 444 243 145 652 106 211 922 419 299 700 191 871 445 606 392 583 673 814 968 818 656 804 632 674 276 953 787 401 213 967 163 146 358 607 900 316 673 641 875 798 973 395 672 444 599 561 184 461 214 198 516 494 690 310 252 966 491 785 878 314 272 358 835 299 841 551 110 859 766 871 393 810 359 117 801 219 148 553 886 488 104 472 423 864 278 151 729 663 328 218 969 513 712 711 416 800 164 632 543 940 169 826 495 518 610 365 968 898 295 588 364 379 173 354 734 634 892 790 368 834 231 310 675 741 410 326 388 631 654 297 230 261 852 299 937 727 856 523 900 174 365 157 237 447 710 878 721 904 937 901 335 995 177 272 507 708 116 751 620 604 507 846 849 850 676 596 849 649 480 239 783 863 242 969 954 632 467 561 492 901 365 192 412 958 554 335 319 835 869 801 495 251 567 244 134 205 396 657 368 288 485 1000 218 310 106 245 809 564 166 847 647 759 104 760 998 978 968 104 461 387 185 422 818 716 913 113 769 339 582 276 513 373 893 314 935 133 504 316 650 418 480 210 554 539 268 979 231 207 640 809 594 130 458 624 758 183 135 662 662 573 699 485 180 136 145 743 418 557 949 584 496 417 709 345 920 554 371 238 960 312 658 968 954 249 965 670 354 103 581 670 278 230 728 850 707 717 741 514 724 339 337 466 948 527 940 710 206 939 748 385 517 203 585 135 950 137 619 918 792 938 1000 936 640 107 482 837 607 725 342 737 996 214 111 284 146 582 709 663 464 743 286 951 859 449 843 248 508 915 860 232 315 932 884 494 696 928 185 148 609 749 245 509 675 837 510 817 281 311 236 475 661 767 432 353 905 888 350 686 573 224 324 868 801 894 593 845 379 544 617 484 659 575 528 234 490 346 485 809 664 710 252 871 961 785 125 184 243 709 819 792 638 253 789 378 716 295 252 791 608 173 295 853 308 579 519 313 355 194 622 939 647 790 815 315 207 264 301 807 938 460 933 942 520 840 423 920 784 892 159 211 269 650 596 270 392 356 698 862 178 710 692 372 819 770 222 700 425 348 243 898 585 824 470 566 996 409 358 799 255 131 873 761 681 519 470 972 584 862 278 107 221 176 524 624 243 385 990 548 945 603 777 304 291 574 304 997 858 584 384 973 805 532 574 467 700 941 540 980 332 847 438 985 792 668 614 235 948 603 953 888 445 388 218 879 897 960 350 796 650 920 796 440 406 729 251 594 813 751 728 963 481 974 225 838 616 938 657 672
OS
 1 1 0 0 1 1 1 1 1 1 1 0 0 0 1 1 1 1 0 1 1 1 1 1 0 1 1 0 1 0 0 1 1 0 1 0 1 1 0 0 1 0 0 1 1 1 0 0 1 1 1 0 0 1 1 1 1 1 0 1 1 1 1 1 1 1 1 0 1 0 0 1 0 1 0 1 1 1 0 1 0 0 0 0 1 0 1 0 1 1 0 1 0 1 0 0 0 1 1 0 0 0 1 0 1 1 1 0 0 0 0 1 0 0 0 1 0 1 1 0 1 1 1 1 1 1 1 1 0 0 0 0 1 1 0 0 0 0 1 0 0 0 0 1 1 0 1 1 1 0 1 0 1 0 0 0 1 1 1 1 1 1 0 0 1 1 1 1 1 1 0 0 1 1 1 1 1 0 0 0 1 1 1 1 1 1 1 0 0 0 1 0 0 0 0 0 0 1 0 0 0 0 1 1 0 0 0 0 1 0 1 0 0 1 1 1 0 1 0 1 0 1 0 1 0 1 1 1 0 0 1 1 0 1 1 0 0 1 1 0 0 0 0 0 1 0 0 1 1 1 0 1 1 0 0 1 1 0 1 0 0 0 1 1 1 0 0 0 0 1 1 1 1 1 0 0 0 1 0 0 0 0 1 0 1 0 1 1 1 0 1 1 1 0 0 0 0 1 1 0 1 1 0 0 0 0 0 1 1 1 1 0 1 1 1 1 0 0 1 1 1 1 1 1 1 1 0 1 1 1 0 0 1 0 1 1 0 1 0 0 1 1 0 0 0 0 0 0 1 0 0 0 1 1 1 1 0 1 0 1 1 1 0 1 0 1 0 0 1 1 0 1 1 0 0 1 1 1 0 1 1 1 1 0 1 1 1 0 0 1 1 1 0 0 0 0 1 1 1 0 0 0 0 1 0 0 1 0 0 0 0 0 0 1 0 1 0 0 1 1 1 0 1 1 0 1 1 0 1 1 0 1 0 0 0 1 1 1 0 0 1 0 0 1 0 1 1 1 1 1 0 1 0 0 1 0 0 1 0 1 1 0 1 1 0 0 0 1 1 0 0 1 1 0 1 0 0 0 0 1 0 0 0 0 0 0 0 0 0 1 0 0 0 1 0 0 1 1 1 0 1 1 1 0 0 0 0 0 0 0 0 1 1 0 0 0 1 0 0 0 1 1 0 1 0 0 1 1 0 1 1 1 1 1 0 1 0 0 1 0 1 0 1 1 0 0 1 1 0 1 1 1 1 1 0 0 1 0 1 1 0 0 0 0 0 0 0 0 0 0 0 1 0 0 1 1 0 0 0 1 1 1 1 1 1 0 0 1 0 1 0 0 0 1 0 0 1 0 1 0 0 0 1 0 1 0 0 0 1 0 1 1 1 0 1 0 0 0 0 0 0 1 1 0 0 1 0 1 1 0 1 0 0 0 0 0 1 0 1 0 1 0 1 0 0 0 0 0 0 1 1 0 0 1 0 1 1 0 0 1 0 1 1 1 1 0 0 1 1 0 1 1 1 1 0 1 0 0 1 1 0 1 1 1 0 0 0 0 0 1 1 1 1 0 0 0 1 1 0 0 0 0 0 0 1 1 0 1 0 1 0 0 1 0 1 0 0 0 1 0 0 1 1 0 0 1 0 0 1 1 0 1 0 0 0 0 1 1 1 1 0 1 1 0 1 0 0 0 0 1 0 1 0 1 0 0 1 1 1 1 1 1 1 1 0 1 1 0 0 0 0 1 1 1 0 1 1 0 1 1 1 0 1 1 0 0 0 0 0 0 0 0 0 1 0 0 0 1 0 1 0 0 0 0 0 0 0 0 1 0 1 1 1 1 0 0 0 1 1 0 0 1 0 0 0 1 1 1 1 1 1 0 0 0 0 0 0 1 0 0 1 0 0 0 0 1 0 1 0 1 1 0 0 1 1 1 0 1 1 0 0 0 1 1 1 0 0 0 0 1 0 0 1 1 1 1 0 0 0 0 0 1 1 1 1 1 0 0 1 1 1 1 1 1 0 1 0 1 1 1 1 1 1 1 1 1 1 0 0 1 1 0 1 1 0 0 0 1 1 0 0 0 0 1 0 1 1 1 1 0 0 0 0 0 0 1 1 0 1 1 0 0 0 1 1 1 1 1 0 0 0 1 1 1 0 0 0 1 0 1 1 1 1 0 0 0 1 0 1 1 1 0 0 1 0 1 1 0 0 1 1 0 1 0 1 0 1 1 1 1 1 0 0 0 1 1 0 1 0 1
F
 362880 50400 151200 504000 131040 514080 10080 181440 241920 383040 383040 362880 342720 322560 90720 584640 20160 413280 171360 10080 292320 292320 201600 272160 443520 120960 493920 463680 292320 564480 433440 342720 171360 352800 40320 272160 262080 352800 131040 544320 403200 100800 10080 342720 262080 564480 292320 151200 383040 161280 30240 413280 191520 262080 110880 272160 241920 120960 463680 544320 534240 312480 352800 332640 221760 493920 131040 383040 161280 493920 20160 201600 453600 524160 493920 564480 80640 110880 383040 262080 544320 504000 604800 50400 80640 201600 60480 302400 362880 120960 151200 241920 151200 40320 554400 40320 131040 80640 584640 161280 534240 231840 473760 20160 161280 514080 30240 20160 131040 191520 171360 342720 524160 141120 70560 504000 403200 100800 473760 90720 191520 433440 30240 473760 171360 191520 423360 272160 443520 231840 110880 161280 262080 393120 50400 584640 423360 30240 463680 241920 131040 504000 262080 131040 60480 534240 272160 554400 201600 10080 110880 554400 473760 50400 383040 30240 110880 514080 141120 151200 493920 100800 413280 604800 90720 393120 322560 181440 332640 80640 20160 10080 231840 534240 171360 272160 342720 584640 151200 292320 514080 463680 181440 514080 110880 272160 604800 463680 342720 100800 252000 191520 504000 100800 463680 60480 423360 574560 241920 241920 383040 403200 120960 574560 403200 483840 504000 584640 141120 131040 80640 80640 262080 191520 514080 30240 191520 241920 181440 100800 221760 272160 80640 393120 574560 423360 292320 463680 40320 342720 282240 151200 262080 483840 393120 302400 393120 393120 322560 393120 80640 151200 80640 70560 50400 131040 241920 272160 473760 171360 151200 524160 100800 211680 504000 352800 524160 272160 393120 453600 80640 463680 20160 604800 393120 584640 312480 423360 252000 504000 564480 514080 342720 40320 342720 514080 151200 604800 30240 574560 70560 493920 312480 191520 60480 534240 171360 312480 493920 322560 463680 514080 50400 534240 322560 131040 393120 413280 524160 493920 90720 534240 141120 413280 221760 544320 544320 604800 161280 564480 372960 181440 151200 282240 231840 403200 352800 201600 231840 312480 110880 171360 453600 564480 322560 272160 60480 40320 282240 463680 110880 453600 40320 403200 171360 131040 181440 362880 574560 372960 50400 171360 332640 393120 191520 473760 50400 231840 574560 120960 211680 241920 574560 433440 322560 151200 493920 403200 544320 514080 201600 604800 393120 161280 504000 60480 110880 433440 90720 191520 100800 30240 463680 352800 372960 151200 151200 262080 201600 473760 594720 60480 191520 574560 453600 10080 362880 332640 272160 80640 20160 322560 302400 191520 483840 383040 534240 534240 60480 70560 110880 50400 574560 423360 423360 50400 151200 141120 524160 110880 453600 10080 262080 141120 372960 332640 20160 362880 191520 90720 221760 584640 161280 302400 574560 362880 312480 453600 322560 352800 30240 463680 70560 90720 30240 493920 302400 50400 443520 201600 443520 362880 20160 292320 131040 241920 342720 262080 322560 554400 191520 292320 594720 362880 372960 211680 352800 463680 584640 594720 211680 60480 20160 60480 473760 604800 544320 493920 453600 413280 161280 252000 403200 453600 463680 544320 50400 362880 433440 241920 352800 352800 241920 544320 413280 403200 241920 383040 352800 504000 594720 120960 201600 161280 262080 10080 141120 413280 604800 504000 80640 594720 594720 292320 403200 332640 493920 453600 574560 131040 604800 413280 504000 504000 493920 312480 10080 393120 201600 473760 604800 393120 141120 60480 221760 463680 10080 383040 80640 10080 534240 30240 20160 90720 483840 292320 443520 403200 191520 90720 544320 211680 332640 60480 473760 312480 141120 504000 594720 504000 40320 141120 362880 383040 423360 352800 514080 80640 171360 252000 10080 70560 231840 574560 322560 241920 483840 80640 171360 70560 171360 40320 272160 141120 493920 282240 211680 554400 70560 161280 20160 473760 292320 131040 262080 504000 20160 70560 544320 100800 272160 584640 90720 191520 483840 524160 332640 201600 191520 584640 10080 292320 60480 524160 252000 262080 252000 181440 564480 453600 362880 80640 312480 594720 191520 141120 383040 554400 252000 191520 120960 322560 100800 90720 40320 342720 433440 312480 141120 50400 372960 473760 574560 504000 473760 211680 151200 272160 141120 524160 604800 60480 20160 151200 10080 100800 211680 282240 241920 504000 604800 70560 403200 584640 443520 110880 463680 433440 413280 312480 110880 272160 534240 191520 302400 554400 100800 483840 60480 594720 292320 342720 332640 241920 604800 211680 40320 80640 50400 524160 524160 100800 10080 473760 383040 483840 393120 352800 393120 191520 372960 524160 231840 20160 372960 60480 100800 70560 10080 131040 372960 282240 372960 241920 514080 584640 554400 423360 141120 403200 332640 524160 544320 393120 554400 302400 161280 372960 161280 120960 30240 50400 272160 372960 141120 423360 110880 90720 30240 433440 272160 362880 534240 312480 604800 20160 221760 90720 252000 292320 40320 161280 544320 100800 463680 262080 302400 131040 393120 70560 433440 362880 100800 90720 514080 191520 171360 221760 241920 181440 110880 342720 413280 201600 544320 120960 161280 413280 342720 40320 282240 504000 332640 70560 443520 443520 241920 141120 433440 70560 584640 564480 191520 393120 564480 403200 372960 100800 80640 161280 393120 151200 80640 493920 342720 423360 151200 514080 30240 40320 443520 161280 352800 191520 181440 201600 584640 120960 564480 120960 574560 302400 221760 171360 423360 514080 50400 171360 221760 372960 181440 181440 141120 312480 604800 433440 584640 50400 171360 110880 372960 312480 302400 594720 554400 141120 141120 201600 221760 131040 383040 272160 241920 433440 20160 514080 20160 292320 90720 10080 413280 252000 473760 50400 272160 181440 372960 483840 372960 342720 312480 60480 201600 383040 292320 120960 312480 524160 433440 362880 423360 443520 181440 80640 50400 131040 161280 241920 120960 60480 453600 352800 191520 131040 282240 181440 393120 403200 10080 453600 564480 332640 131040 191520 60480 90720 493920 372960 231840 161280 372960 302400 393120 70560 40320 544320 504000 342720 524160 211680 594720 574560 352800 554400 433440 383040 332640 312480 262080 342720 60480 211680 131040 60480 10080 171360 161280 80640 383040 463680 514080 433440 50400 433440 564480 30240 201600 211680 50400 312480 272160 181440 90720 141120 161280 221760 90720 524160 10080 252000 473760 342720 473760 90720 594720 282240 120960 423360 423360 40320 413280 110880 322560 413280 342720 554400 554400 50400 181440 504000 302400 312480 604800 110880 362880 10080 241920 554400 493920 30240 90720 564480 433440 383040 473760 524160 151200 201600 443520 282240 282240 30240 161280 50400 171360 50400 493920 141120 181440 161280
M
 7 8 5 8 8 5 8 4 6 7 7 5 5 7 4 8 5 4 4 4 4 7 4 4 4 6 4 5 4 8 4 7 4 8 5 8 6 8 4 7 4 8 5 6 6 4 8 4 6 6 6 8 4 7 4 8 4 4 5 6 5 8 4 5 7 4 5 8 4 6 5 6 5 5 4 4 7 6 4 5 6 4 6 8 4 7 8 4 4 6 7 6 6 7 7 4 4 7 7 5 5 6 5 7 6 8 7 8 6 5 4 4 8 5 5 7 6 8 6 8 7 7 8 5 4 5 7 4 5 5 4 4 6 7 4 7 4 8 5 6 7 7 4 7 7 8 7 5 5 8 6 7 6 8 8 8 4 5 4 7 6 7 8 6 4 8 8 8 5 7 6 7 7 6 8 4 4 8 4 4 4 4 8 4 6 5 4 5 7 7 5 4 5 4 8 5 5 6 4 8 6 7 8 4 8 7 6 7 8 8 4 7 8 6 5 4 4 7 8 5 5 4 8 8 6 8 5 7 5 6 7 8 5 8 7 8 7 4 4 8 6 6 6 4 4 5 4 8 4 8 4 5 8 4 8 8 8 6 4 4 5 7 7 8 8 4 7 5 7 5 4 4 7 6 5 5 7 4 6 4 5 8 8 5 5 7 4 6 5 4 7 5 8 4 5 4 6 5 4 8 5 6 4 7 8 8 4 6 7 8 7 8 7 5 8 5 7 6 7 8 8 6 6 4 7 8 7 4 6 7 4 4 4 5 8 8 6 8 4 4 7 5 7 6 7 7 6 7 4 8 8 6 6 7 7 5 6 5 7 6 6 8 7 8 6 7 8 8 5 4 6 8 7 5 8 7 6 8 8 5 7 4 7 4 5 7 6 7 4 8 7 8 5 4 4 7 7 6 7 4 5 5 8 7 6 4 8 4 7 4 8 5 6 7 4 6 8 7 6 6 4 4 5 6 8 5 8 5 6 4 6 5 7 5 4 8 5 6 7 8 4 5 7 4 5 5 7 4 7 4 6 6 8 5 8 5 8 8 5 7 7 5 8 8 7 7 5 5 7 5 8 8 8 5 4 5 7 7 7 6 4 6 7 4 6 7 7 6 8 7 6 5 5 7 8 7 5 6 4 6 4 8 7 8 7 4 5 8 8 6 4 7 4 4 6 4 8 4 6 7 5 8 8 8 6 6 7 6 5 8 4 7 6 8 5 4 6 5 4 5 6 7 6 7 7 5 6 7 7 5 7 7 8 5 8 4 8 8 8 6 7 7 4 4 6 6 8 8 6 6 8 5 8 6 8 7 7 5 7 5 8 4 8 8 8 5 8 4 6 7 7 5 5 4 4 6 7 6 4 4 7 6 4 8 7 4 5 7 7 7 5 8 7 4 6 6 5 5 5 7 7 6 8 7 6 4 8 8 8 4 4 7 4 8 7 6 8 4 6 8 4 5 5 8 7 7 4 8 4 8 4 6 7 4 5 7 5 8 5 4 6 8 7 8 7 4 6 6 5 4 6 4 6 6 6 4 5 6 4 7 7 8 7 8 5 8 6 6 7 8 6 4 6 7 7 5 5 4 6 4 4 5 7 6 6 8 5 8 6 5 5 6 4 7 6 7 6 4 7 8 5 4 5 7 4 8 4 8 7 7 8 7 7 6 4 7 5 8 4 4 5 4 6 4 4 4 5 6 6 6 7 5 8 5 4 4 4 7 8 6 5 5 6 8 8 5 7 8 8 7 6 5 4 6 5 7 8 5 8 5 8 5 4 4 8 7 6 6 5 5 8 4 4 7 7 7 7 7 4 4 5 7 8 6 7 5 8 4 5 4 6 6 5 6 8 7 7 5 6 8 4 6 7 5 5 7 7 4 7 8 5 4 4 4 7 8 5 6 7 4 6 6 4 4 6 4 6 8 6 5 8 5 4 6 8 6 7 8 8 6 6 5 8 4 7 4 5 4 5 5 6 5 8 6 5 5 6 8 8 4 4 6 4 8 4 4 6 4 7 7 8 4 6 7 7 8 4 4 8 5 8 8 4 6 7 8 4 8 5 6 8 4 6 7 8 5 7 4 6 6 8 5 8 4 7 6 6 6 6 6 8 8 7 5 8 4 5 8 4 6 7 6 6 5 8 8 4 7 6 4 6 5 4 6 4 8 8 5 4 5 5 8 7 6 7 7 6 8 8 8 7 5 4 6 5 8 6 5 6 4 6 5 4 4 8 8 4 4 6 6 7 7 5 5 5 8 6 4 6 6
