## - cloud resource specifications
numberOfClouds 
 3
packagename
 m3.medium m3.large m3.xlarge m3.2xlarge c3.large c3.xlarge c3.2xlarge c3.4xlarge c3.8xlarge r3.large r3.xlarge r3.2xlarge r3.4xlarge r3.8xlarge i2.xlarge i2.2xlarge i2.4xlarge i2.8xlarge n1-standard-1 n1-standard-2 n1-standard-4 n1-standard-8 n1-standard-16 n1-highcpu-2 n1-highcpu-4 n1-highcpu-8 n1-highcpu-16 n1-highmem-2 n1-highmem-4 n1-highmem-8 n1-highmem-16 A0 A1 A2 A3 A4 A5 A6 A7 D1 D2 D3 D4 D11 D12 D13 D14 A10 A11
package
 18 13 18
Gflops
 190 380 760 1520 426 852 1704 3408 6816 380 760 1520 3040 6080 760 1520 3040 6080 159 317 634 1268 2536 317 634 1268 2536 317 634 1268 2536 168 168 335 670 1340 670 1340 2680 335 670 1340 2680 670 1340 2680 5360 3040 6080
ram
 3.75 7.5 15 30 3.75 7.5 15 30 60 15.25 30.5 61 122 244 30.5 61 122 244 3.75 7.5 15 30 60 1.8 3.6 7.2 14.4 13 26 52 104 0.75 1.75 3.5 7.0 14.0 14.0 28.0 56.0 3.5 7.0 14.0 28.0 14.0 28.0 56.0 112.0 56.0 112.0
disk
 4.0 32.0 80.0 160.0 32.0 80.0 160.0 320.0 640.0 32.0 80.0 160.0 320.0 640.0 800.0 1600.0 3200.0 6400.0 100.0 250.0 500.0 750.0 1000.0 250.0 500.0 750.0 1000.0 250.0 500.0 750.0 1000.0 20.0 70.0 135.0 285.0 605.0 135.0 285.0 605.0 50.0 100.0 200.0 400.0 100.0 200.0 400.0 800.0 382.0 382.0
locationProvider
 7 3 8
locationID
 1 1 2 2 3 4 5 1 2 3 1 2 2 3 3 4 4 5
priceOS0
 0.07 0.14 0.28 0.56 0.105 0.21 0.42 0.84 1.68 0.175 0.35 0.7 1.4 2.8 0.853 1.705 3.41 6.82 0.077 0.154 0.308 0.616 0.12 0.239 0.478 0.956 1.912 0.195 0.39 0.78 1.56 3.12 0.938 1.876 3.751 7.502 0.077 0.154 0.308 0.616 0.12 0.239 0.478 0.956 1.912 0.195 0.39 0.78 1.56 3.12 0.938 1.876 3.751 7.502 0.083 0.166 0.332 0.665 0.129 0.258 0.516 1.032 2.064 0.21 0.421 0.842 1.684 3.369 1.013 2.026 4.051 8.102 0.098 0.196 0.392 0.784 0.132 0.265 0.529 1.058 2.117 0.21 0.42 0.84 1.68 3.36 1.018 2.035 4.07 8.14 0.101 0.203 0.405 0.81 0.128 0.255 0.511 1.021 2.043 0.21 0.42 0.84 1.68 3.36 1.001 2.001 4.002 8.004 0.098 0.196 0.392 0.784 0.132 0.265 0.529 1.058 2.117 0.21 0.42 0.84 1.68 3.36 1.018 2.035 4.07 8.14 0.122 0.255 0.510 1.521 2.924 0.275 0.550 1.601 3.084 0.237 0.474 1.449 2.780 0.126 0.263 0.526 1.553 2.988 0.285 0.570 1.641 3.164 0.243 0.486 1.473 2.828 0.126 0.263 0.526 1.553 2.988 0.285 0.570 1.641 3.164 0.243 0.486 1.473 2.828 0.02 0.06 0.12 0.24 0.48 0.25 0.5 1.0 0.094 0.188 0.376 0.752 0.238 0.476 0.857 1.542 1.16 2.08 0.02 0.06 0.12 0.24 0.48 0.248 0.496 0.992 0.094 0.188 0.376 0.752 0.238 0.476 0.857 1.542 1.33 2.39 0.02 0.06 0.12 0.24 0.48 0.27 0.54 1.08 0.115 0.23 0.46 0.92 0.273 0.546 0.983 1.769 1.33 2.39 0.02 0.06 0.12 0.24 0.48 0.294 0.588 1.176 0.138 0.276 0.552 1.104 0.295 0.59 1.062 1.912 1.51 2.7 0.02 0.06 0.12 0.24 0.48 0.27 0.54 1.08 0.12 0.24 0.48 0.96 0.256 0.512 0.922 1.659 1.33 2.39 0.024 0.081 0.162 0.324 0.648 0.281 0.562 1.124 0.142 0.284 0.568 1.136 0.295 0.59 1.062 1.912 1.51 2.7 0.021 0.073 0.146 0.292 0.584 0.258 0.516 1.032 0.123 0.246 0.492 0.984 0.256 0.512 0.922 1.659 1.33 2.39 0.029 0.071 0.142 0.284 0.568 0.278 0.556 1.112 0.12 0.239 0.478 0.956 0.256 0.512 0.922 1.66 1.33 2.39
priceOS1
 0.133 0.266 0.532 1.064 0.188 0.376 0.752 1.504 3.008 0.3 0.6 1.08 1.944 3.5 0.973 1.946 3.891 7.782 0.133 0.266 0.532 1.064 0.188 0.376 0.752 1.504 3.008 0.3 0.6 1.08 1.944 3.5 0.973 1.946 3.891 7.782 0.14 0.28 0.56 1.12 0.188 0.376 0.752 1.504 3.008 0.33 0.652 1.173 2.111 3.8 1.058 2.116 4.232 8.464 0.146 0.292 0.584 1.169 0.212 0.424 0.848 1.696 3.392 0.335 0.671 1.222 2.228 4.069 1.133 2.267 4.532 9.064 0.161 0.322 0.644 1.288 0.238 0.477 0.935 1.906 3.813 0.323 0.646 1.192 2.447 4.6 1.169 2.337 4.674 9.348 0.151 0.302 0.603 1.206 0.231 0.462 0.925 1.849 3.699 0.31 0.62 1.219 2.276 4.25 1.113 2.226 4.451 8.903 0.161 0.322 0.644 1.288 0.238 0.477 0.935 1.906 3.813 0.323 0.646 1.192 2.447 4.6 1.169 2.337 4.674 9.348 0.102 0.215 0.430 0.801 1.484 0.235 0.470 0.881 1.644 0.197 0.394 0.729 1.340 0.106 0.223 0.446 0.833 1.548 0.245 0.490 0.921 1.724 0.203 0.406 0.753 1.388 0.106 0.223 0.446 0.833 1.548 0.245 0.490 0.921 1.724 0.203 0.406 0.753 1.388 0.02 0.09 0.18 0.36 0.72 0.33 0.66 1.32 0.171 0.342 0.684 1.368 0.403 0.806 1.451 2.611 1.64 3.04 0.02 0.09 0.18 0.36 0.72 0.3 0.6 1.2 0.159 0.318 0.636 1.272 0.366 0.732 1.318 2.372 1.89 3.5 0.02 0.09 0.18 0.36 0.72 0.34 0.68 1.36 0.183 0.366 0.732 1.464 0.421 0.842 1.516 2.728 1.89 3.5 0.02 0.09 0.18 0.36 0.72 0.36 0.72 1.44 0.224 0.448 0.896 1.792 0.453 0.906 1.631 2.935 2.13 3.95 0.02 0.09 0.18 0.36 0.72 0.32 0.64 1.28 0.195 0.39 0.78 1.56 0.394 0.788 1.418 2.553 1.89 3.5 0.024 0.106 0.212 0.424 0.848 0.35 0.7 1.4 0.211 0.422 0.844 1.688 0.436 0.872 1.57 2.825 2.13 3.95 0.021 0.095 0.19 0.38 0.76 0.31 0.62 1.24 0.183 0.366 0.732 1.464 0.378 0.756 1.361 2.449 1.89 3.5 0.029 0.113 0.226 0.452 0.904 0.349 0.698 1.396 0.196 0.393 0.786 1.571 0.394 0.788 1.419 2.554 1.89 3.5
# - client 2 requirements:
N
1000
Tf
 2 4 3 4 3 5 3 4 3 3 5 4 2 5 5 2 3 5 2 3 4 4 3 4 2 2 5 4 4 2 5 3 5 2 3 5 2 2 3 2 2 3 5 2 4 2 3 3 4 3 4 2 5 2 5 5 4 4 4 3 5 4 3 2 4 5 4 4 4 2 2 5 2 2 3 5 5 5 3 5 3 5 4 4 5 5 5 4 2 4 3 2 5 3 4 3 4 2 2 3 4 4 3 2 5 5 5 5 3 4 2 3 4 3 4 5 2 2 3 4 2 3 4 4 3 2 2 5 4 3 5 5 3 2 4 3 2 2 3 3 2 3 4 4 5 5 2 5 2 5 5 2 3 2 2 3 3 5 2 2 4 3 4 5 3 3 4 4 2 4 4 2 2 2 2 5 5 3 4 5 3 4 3 2 4 5 2 3 4 4 3 4 3 5 2 5 4 5 2 2 5 3 4 5 5 4 3 3 3 5 4 4 5 5 2 2 4 5 3 2 3 2 5 5 2 4 4 3 5 2 5 3 2 3 5 3 2 4 5 5 4 2 2 4 2 2 5 5 3 2 2 3 4 2 2 2 3 5 3 4 4 5 2 4 3 3 4 4 3 3 5 3 3 5 4 5 3 5 4 2 3 4 3 5 4 5 5 4 2 5 3 2 5 4 4 2 3 4 4 2 3 4 2 2 5 2 4 3 4 3 2 4 2 5 2 3 5 5 5 4 3 4 3 4 5 4 2 4 2 4 5 4 3 4 3 2 4 3 3 3 5 4 5 3 2 4 4 3 5 4 5 4 5 5 2 5 5 5 4 3 3 5 3 3 2 5 4 3 4 3 2 3 2 2 4 4 2 3 2 3 2 3 4 4 5 3 2 5 4 4 5 2 4 3 2 2 3 4 4 2 3 2 4 3 3 4 5 5 5 3 4 2 5 5 5 5 5 2 2 5 4 4 5 3 2 4 3 5 3 3 3 3 2 4 5 2 4 4 3 3 2 2 4 5 4 3 3 5 5 3 5 2 3 3 5 3 4 2 2 5 2 2 5 3 5 2 2 3 4 3 3 4 3 2 3 5 2 5 4 3 3 3 2 3 2 3 4 3 2 4 4 3 3 2 3 4 5 5 4 4 3 3 5 3 3 3 4 2 4 4 4 3 4 2 2 5 4 2 5 5 2 3 2 3 3 3 5 3 5 3 4 4 3 5 5 3 2 4 3 2 2 3 5 5 3 5 2 4 3 4 2 2 3 2 5 4 3 2 3 5 3 2 2 3 4 4 3 3 3 5 4 3 4 2 5 5 5 3 4 4 2 5 2 2 5 3 2 4 4 5 3 4 4 5 4 4 4 3 2 3 5 5 5 2 3 3 2 5 3 3 4 2 4 3 4 2 5 3 5 4 3 5 5 5 4 5 4 4 2 3 2 5 4 3 5 3 4 2 3 3 2 5 2 2 3 2 5 2 3 2 2 3 3 4 3 3 3 2 2 2 3 3 3 2 4 3 3 4 3 4 3 2 3 3 5 4 2 5 4 2 2 5 2 4 3 3 5 4 2 5 5 5 5 2 3 3 4 4 2 4 5 3 4 4 4 5 3 4 4 3 2 4 2 2 3 4 2 3 4 2 5 3 2 2 2 4 4 4 3 2 3 5 3 2 5 4 5 4 2 2 3 2 4 3 5 5 5 5 3 2 4 4 3 3 4 5 2 4 2 3 2 3 2 3 2 3 2 5 4 3 3 5 5 5 5 4 3 3 5 2 2 3 2 2 5 3 2 3 3 2 4 3 3 2 2 5 4 3 4 3 4 5 2 5 5 4 2 4 5 3 2 5 4 2 3 4 5 2 5 3 2 3 2 3 5 3 5 5 5 3 4 5 3 5 2 4 4 5 5 2 2 2 5 4 4 5 3 4 4 4 3 2 4 4 4 4 3 4 3 5 3 2 4 2 4 4 4 4 4 2 4 4 2 5 2 5 3 4 2 2 5 2 5 4 4 2 2 4 3 4 5 5 3 2 4 2 3 5 2 5 5 4 2 2 3 2 5 4 2 4 4 5 4 3 5 5 3 2 5 2 2 5 2 4 2 2 2 2 3 3 4 4 3 4 4 5 2 2 3 4 4 5 3 3 5 2 2 5 3 4 4 2 4 4 2 2 3 4 5 5 3 5 2 3 2 5 4 4 3 4 3 3 5 4 5 2 2 4 5 5 2 2 5 2 4 3 5 2 5 2 2 5 2 3 4 4 2 2 2 2
C
 46.40 66.70 27.55 34.80 53.65 66.70 47.85 56.55 27.55 58.00 73.95 98.60 84.10 42.05 2.90 46.40 76.85 20.30 36.25 63.80 102.95 27.55 101.50 81.20 5.80 2.90 94.25 91.35 58.00 88.45 7.25 42.05 95.70 2.90 11.60 95.70 62.35 47.85 87.00 66.70 79.75 40.60 100.05 75.40 15.95 72.50 58.00 14.50 75.40 88.45 104.40 46.40 94.25 36.25 65.25 100.05 71.05 15.95 29.00 26.10 10.15 63.80 79.75 98.60 4.35 31.90 39.15 55.10 11.60 21.75 46.40 21.75 2.90 82.65 60.90 71.05 101.50 33.35 72.50 8.70 62.35 15.95 15.95 53.65 21.75 49.30 55.10 49.30 15.95 60.90 17.40 27.55 53.65 44.95 69.60 97.15 101.50 15.95 40.60 97.15 68.15 68.15 75.40 62.35 5.80 7.25 75.40 26.10 52.20 55.10 11.60 8.70 8.70 58.00 46.40 91.35 34.80 75.40 62.35 49.30 88.45 34.80 31.90 85.55 92.80 39.15 40.60 18.85 4.35 13.05 5.80 84.10 18.85 89.90 50.75 11.60 71.05 75.40 53.65 49.30 55.10 58.00 91.35 55.10 91.35 33.35 15.95 94.25 17.40 14.50 29.00 65.25 56.55 97.15 89.90 50.75 11.60 102.95 72.50 63.80 40.60 85.55 42.05 101.50 27.55 24.65 44.95 8.70 2.90 75.40 17.40 39.15 60.90 10.15 89.90 23.20 50.75 26.10 52.20 2.90 69.60 60.90 102.95 100.05 94.25 104.40 21.75 33.35 78.30 92.80 49.30 10.15 73.95 102.95 97.15 20.30 78.30 2.90 13.05 14.50 27.55 91.35 39.15 101.50 30.45 101.50 97.15 71.05 13.05 89.90 76.85 31.90 15.95 20.30 104.40 21.75 97.15 84.10 50.75 17.40 30.45 5.80 78.30 8.70 66.70 72.50 31.90 94.25 49.30 79.75 5.80 65.25 84.10 91.35 63.80 7.25 66.70 4.35 8.70 95.70 53.65 30.45 4.35 33.35 20.30 59.45 34.80 62.35 97.15 34.80 94.25 4.35 73.95 24.65 52.20 40.60 75.40 65.25 10.15 50.75 29.00 87.00 58.00 81.20 7.25 69.60 101.50 75.40 2.90 94.25 29.00 81.20 5.80 95.70 37.70 78.30 95.70 18.85 68.15 14.50 104.40 102.95 72.50 31.90 33.35 91.35 14.50 13.05 98.60 49.30 40.60 92.80 40.60 7.25 33.35 85.55 82.65 37.70 2.90 46.40 101.50 20.30 36.25 75.40 29.00 72.50 13.05 33.35 21.75 44.95 29.00 53.65 62.35 24.65 75.40 47.85 91.35 89.90 66.70 66.70 82.65 60.90 63.80 102.95 30.45 104.40 100.05 79.75 20.30 42.05 2.90 94.25 95.70 55.10 17.40 56.55 73.95 79.75 42.05 2.90 26.10 24.65 42.05 89.90 95.70 88.45 59.45 59.45 92.80 92.80 30.45 92.80 42.05 62.35 97.15 13.05 89.90 97.15 92.80 88.45 100.05 44.95 71.05 87.00 55.10 40.60 66.70 75.40 13.05 52.20 26.10 36.25 49.30 37.70 78.30 75.40 52.20 47.85 76.85 8.70 47.85 102.95 78.30 71.05 91.35 76.85 42.05 18.85 42.05 5.80 101.50 11.60 10.15 71.05 4.35 91.35 59.45 23.20 4.35 43.50 87.00 50.75 13.05 18.85 73.95 36.25 36.25 94.25 46.40 62.35 56.55 82.65 72.50 5.80 55.10 68.15 63.80 104.40 73.95 58.00 27.55 27.55 78.30 13.05 88.45 73.95 14.50 43.50 104.40 18.85 42.05 59.45 21.75 18.85 63.80 82.65 31.90 69.60 76.85 89.90 73.95 11.60 4.35 58.00 30.45 72.50 78.30 53.65 78.30 56.55 49.30 68.15 50.75 94.25 58.00 47.85 62.35 66.70 5.80 47.85 68.15 11.60 79.75 53.65 10.15 79.75 47.85 7.25 33.35 69.60 62.35 60.90 29.00 44.95 101.50 15.95 30.45 79.75 30.45 46.40 5.80 97.15 73.95 2.90 7.25 8.70 66.70 102.95 4.35 47.85 2.90 81.20 58.00 72.50 30.45 98.60 87.00 50.75 55.10 46.40 63.80 76.85 49.30 68.15 72.50 30.45 43.50 39.15 42.05 46.40 75.40 55.10 82.65 37.70 73.95 76.85 46.40 39.15 50.75 56.55 100.05 71.05 43.50 66.70 31.90 88.45 73.95 78.30 84.10 14.50 44.95 60.90 24.65 66.70 46.40 81.20 29.00 73.95 37.70 15.95 98.60 43.50 37.70 42.05 49.30 98.60 92.80 58.00 78.30 50.75 104.40 97.15 18.85 65.25 20.30 104.40 100.05 55.10 18.85 75.40 95.70 31.90 72.50 46.40 101.50 79.75 14.50 53.65 5.80 62.35 11.60 94.25 34.80 47.85 31.90 11.60 66.70 23.20 4.35 33.35 23.20 46.40 76.85 18.85 33.35 2.90 13.05 31.90 85.55 37.70 4.35 55.10 84.10 34.80 53.65 79.75 31.90 47.85 8.70 76.85 47.85 87.00 79.75 89.90 2.90 31.90 39.15 82.65 42.05 66.70 92.80 34.80 91.35 23.20 17.40 85.55 20.30 4.35 71.05 85.55 29.00 97.15 87.00 84.10 88.45 34.80 68.15 49.30 39.15 102.95 42.05 92.80 59.45 31.90 55.10 95.70 43.50 44.95 58.00 17.40 40.60 71.05 98.60 76.85 39.15 63.80 50.75 60.90 34.80 79.75 50.75 7.25 52.20 89.90 56.55 98.60 68.15 66.70 60.90 4.35 69.60 92.80 104.40 66.70 5.80 72.50 29.00 100.05 81.20 29.00 94.25 29.00 47.85 39.15 8.70 62.35 59.45 62.35 56.55 7.25 56.55 66.70 92.80 79.75 78.30 33.35 27.55 85.55 34.80 40.60 40.60 10.15 85.55 97.15 31.90 71.05 39.15 44.95 62.35 17.40 7.25 24.65 88.45 18.85 2.90 88.45 11.60 92.80 88.45 18.85 14.50 81.20 75.40 101.50 92.80 50.75 20.30 46.40 26.10 62.35 98.60 66.70 75.40 18.85 11.60 85.55 72.50 97.15 76.85 60.90 87.00 14.50 75.40 104.40 63.80 44.95 46.40 53.65 27.55 47.85 8.70 68.15 47.85 44.95 101.50 95.70 44.95 92.80 53.65 78.30 63.80 21.75 37.70 91.35 34.80 95.70 11.60 87.00 34.80 11.60 31.90 5.80 97.15 55.10 5.80 27.55 20.30 7.25 85.55 73.95 62.35 7.25 81.20 104.40 26.10 36.25 5.80 73.95 82.65 56.55 46.40 23.20 43.50 39.15 56.55 76.85 47.85 2.90 102.95 91.35 59.45 95.70 56.55 101.50 104.40 11.60 20.30 4.35 20.30 49.30 42.05 69.60 52.20 73.95 46.40 89.90 68.15 27.55 37.70 65.25 13.05 76.85 94.25 27.55 42.05 33.35 91.35 66.70 4.35 21.75 78.30 100.05 14.50 13.05 100.05 76.85 75.40 50.75 60.90 36.25 27.55 73.95 42.05 100.05 52.20 71.05 81.20 11.60 92.80 10.15 92.80 47.85 79.75 66.70 78.30 92.80 97.15 10.15 40.60 69.60 62.35 40.60 44.95 65.25 2.90 89.90 91.35 30.45 85.55 47.85 43.50 44.95 10.15 26.10 98.60 7.25 52.20 4.35 53.65 59.45 44.95 100.05 44.95 55.10 23.20 59.45 21.75 31.90 55.10 60.90 59.45 65.25 18.85 102.95 2.90 13.05 66.70 11.60 85.55 85.55 31.90 73.95 8.70 14.50 55.10 29.00 4.35 101.50 47.85 75.40 18.85 30.45 29.00 52.20 81.20 14.50 47.85 62.35 7.25 62.35 13.05 71.05 8.70 72.50 62.35 13.05 13.05 92.80 89.90 104.40 65.25 78.30 98.60 5.80 55.10 2.90 89.90 82.65 31.90 101.50 7.25 44.95 43.50 78.30 31.90 55.10 85.55 55.10 52.20 95.70 76.85 24.65 29.00 13.05 81.20 11.60 2.90 26.10 40.60 10.15 89.90 44.95 92.80 78.30 85.55 88.45 2.90 55.10 62.35 50.75 13.05 11.60 94.25 20.30 72.50 65.25 88.45 7.25 82.65 98.60 102.95 62.35 24.65 31.90 94.25 46.40 73.95 8.70 29.00 24.65 75.40 34.80 68.15 5.80 21.75 101.50 46.40 58.00 91.35 2.90 79.75 97.15 26.10 85.55 73.95 30.45 101.50 14.50 21.75 13.05
LO
 2 0 3 4 1 3 0 3 5 2 5 5 0 3 2 2 4 3 4 1 3 1 4 2 3 0 2 0 3 3 0 5 3 0 0 0 5 4 4 4 3 0 1 5 3 2 2 4 4 2 5 3 5 1 5 1 4 1 2 1 0 0 5 0 0 2 1 3 3 2 0 0 1 5 2 3 5 3 3 5 2 0 2 5 5 4 2 0 2 3 4 2 5 4 2 2 5 2 0 2 2 2 3 5 5 0 5 4 2 4 2 0 3 3 1 3 1 5 0 1 1 4 3 3 0 2 1 4 3 4 1 2 0 5 2 3 5 1 2 1 5 2 2 5 5 3 5 2 1 0 1 2 4 0 3 0 5 5 4 2 2 2 2 5 0 1 2 5 0 3 3 0 3 4 2 2 2 0 2 3 2 4 2 2 1 5 3 2 5 2 1 4 4 2 5 1 1 2 3 3 4 0 3 3 1 1 2 0 2 4 1 5 3 3 0 3 4 0 4 4 5 4 1 5 4 4 1 1 5 3 4 3 5 2 0 3 0 1 3 5 2 5 1 1 5 4 5 1 3 1 1 0 0 2 4 0 4 4 0 4 1 4 1 3 4 4 1 3 0 0 5 2 2 2 5 5 1 4 5 1 3 5 5 3 2 0 0 3 0 2 3 3 2 3 2 0 5 2 2 1 1 5 4 1 0 0 4 3 1 0 2 4 2 5 1 2 4 5 3 4 5 2 5 4 0 5 0 1 4 1 2 0 0 3 0 4 5 5 0 3 3 5 2 0 0 5 3 1 1 3 1 4 3 1 3 5 0 2 1 0 4 0 4 5 0 3 1 4 1 0 0 4 2 0 4 3 2 0 0 1 1 1 2 5 2 1 2 5 3 5 4 0 5 3 0 0 0 0 3 2 2 5 3 4 1 0 4 0 0 5 5 4 1 1 5 4 2 1 2 5 4 2 0 5 1 0 1 5 1 5 1 2 4 1 4 0 3 2 2 3 3 4 5 2 2 0 2 5 1 4 0 1 5 1 2 5 1 1 2 5 1 3 5 2 0 4 0 0 1 3 2 5 5 3 3 5 0 5 1 4 0 0 3 3 5 3 5 5 3 4 4 3 0 0 1 1 3 3 3 3 5 1 2 2 2 4 5 1 4 5 4 0 0 2 2 5 3 4 3 4 3 3 4 5 3 4 0 1 2 4 4 2 2 1 1 4 4 1 0 0 5 2 3 4 1 5 0 1 5 2 1 2 5 2 5 1 0 2 1 1 3 5 2 1 5 3 1 4 3 4 3 1 2 4 1 2 3 1 5 5 3 4 3 1 4 5 4 0 1 0 0 3 4 4 4 1 2 2 4 3 0 1 5 1 1 2 4 2 2 2 0 0 0 5 1 0 0 2 3 1 2 5 4 1 1 1 1 0 2 4 2 1 2 5 1 2 1 1 0 5 0 4 2 5 2 2 5 1 1 5 3 1 2 1 5 4 5 4 3 3 4 2 1 2 3 1 1 2 3 1 5 5 4 5 4 0 1 2 5 4 4 2 3 0 0 1 0 1 5 5 1 0 2 4 0 5 5 5 2 1 1 2 5 0 3 1 5 1 3 5 0 0 3 2 3 0 3 3 1 4 2 4 2 5 5 4 5 0 4 2 3 1 4 5 4 5 1 2 2 1 0 0 0 0 0 3 0 0 5 2 1 3 4 5 3 0 4 3 4 2 0 5 1 2 4 3 5 3 2 1 5 3 4 3 5 4 0 2 5 3 1 1 3 1 3 0 5 4 1 5 5 3 0 0 1 3 4 5 0 0 4 5 1 2 1 3 3 2 3 1 3 0 2 1 1 0 1 0 1 0 3 4 0 5 2 2 3 3 5 5 1 4 1 4 3 2 3 3 0 4 3 1 5 3 0 5 1 4 2 1 4 1 1 5 3 1 1 1 4 0 4 4 1 0 1 5 4 3 1 0 1 1 1 4 2 2 4 4 2 0 3 2 0 2 1 1 5 1 3 3 1 0 0 0 1 4 3 1 1 0 5 2 4 2 1 4 5 0 3 3 1 1 1 3 0 5 4 2 0 4 0 4 1 2 1 0 5 0 4 0 2 2 5 0 5 5 1 3 2 1 3 1 0 1 5 3 5 3 1 0 2 3 0 0 3 1 0 4 4 4 2 3 4 3 2 3 0 2 4 5 2 0 1 5 2 4 4 0 3 2 3 4 3 4 3 1 2 4 5 5 4 4 3 2 2 0 1 0 5 0
D
 967 140 557 734 512 451 353 958 804 810 318 256 281 523 681 447 173 484 592 950 437 101 139 683 738 411 900 941 330 404 261 381 199 912 749 344 869 294 536 550 981 561 562 498 509 435 868 891 709 929 976 168 171 539 280 763 206 957 934 120 453 254 881 385 219 982 192 848 201 270 712 892 596 190 910 277 839 428 883 433 752 576 679 408 585 879 188 804 790 848 274 953 324 937 657 161 919 687 713 443 609 933 174 827 576 197 860 257 385 306 838 191 488 625 981 281 675 677 358 660 660 558 906 726 265 582 856 476 532 697 907 605 729 502 449 824 206 807 208 960 697 995 902 586 292 144 566 402 804 460 159 429 287 497 338 894 777 486 171 636 676 841 824 452 839 545 869 802 717 841 971 455 639 648 904 651 478 535 870 834 338 693 491 320 219 965 651 927 560 479 281 671 421 507 758 809 461 849 689 773 205 785 334 848 495 288 390 357 722 309 638 314 169 618 783 464 305 743 299 821 571 406 631 703 121 309 141 903 639 967 540 628 916 464 477 389 802 134 348 252 694 562 312 262 868 901 897 362 870 381 539 754 891 496 416 799 249 536 500 329 251 867 786 980 709 302 108 940 470 371 586 821 364 216 122 978 904 130 710 672 873 460 926 669 932 966 280 358 715 259 682 181 913 138 453 715 182 187 762 189 804 682 550 655 611 742 231 794 697 245 375 134 427 378 730 992 260 804 704 988 573 433 330 177 160 823 859 420 837 124 836 754 966 348 924 933 808 633 840 929 439 102 963 844 549 813 537 490 361 912 108 531 910 153 781 647 170 680 479 445 937 905 494 400 531 105 877 342 888 880 485 414 144 656 393 868 734 398 424 690 400 407 782 474 940 187 660 817 239 298 274 565 709 260 862 315 726 951 561 193 723 494 888 878 991 728 833 601 624 587 467 874 547 856 383 909 870 880 916 461 315 324 497 365 423 706 628 875 729 829 480 256 973 328 982 260 742 129 300 957 704 213 517 179 191 433 880 181 655 444 658 235 862 248 191 576 613 298 442 120 146 567 996 617 624 529 801 234 414 919 225 601 803 371 170 218 409 152 673 971 157 500 939 894 302 200 169 928 897 496 493 705 171 460 205 547 823 320 257 185 794 383 212 333 616 448 446 371 438 354 546 364 272 610 527 264 490 107 854 182 613 780 802 107 430 441 981 700 590 690 852 699 292 771 673 822 727 607 861 226 496 557 898 802 353 379 817 554 149 665 344 465 163 519 980 380 473 790 752 495 625 131 796 168 389 548 141 532 561 824 564 382 996 664 818 160 843 403 651 744 531 151 213 274 895 208 617 256 261 709 344 367 512 169 277 979 374 888 480 859 140 959 322 482 931 133 735 931 941 945 269 283 880 881 428 214 555 295 937 517 539 767 701 975 691 636 702 950 290 311 155 360 543 380 456 733 138 600 876 643 628 323 866 141 690 998 522 374 495 335 160 421 358 187 920 973 228 854 298 985 678 940 210 337 106 451 773 353 119 483 672 766 418 616 983 721 442 367 685 229 965 814 952 146 191 706 989 767 892 460 818 664 624 812 108 771 411 831 133 985 384 520 803 777 945 809 499 515 810 567 685 434 944 479 783 348 426 202 742 320 980 125 657 457 412 195 859 982 792 460 353 756 193 981 221 195 889 547 873 263 558 955 821 787 738 585 958 816 319 354 511 231 860 429 300 577 970 584 731 545 565 474 152 813 672 535 629 165 460 622 660 348 461 798 122 400 166 999 968 419 140 495 994 771 411 921 205 740 401 282 942 442 567 653 379 968 604 891 780 745 786 267 500 431 819 234 167 976 384 544 106 382 492 404 905 911 914 336 751 488 258 659 333 544 103 854 103 355 683 174 104 112 463 499 668 697 153 979 428 531 669 912 314 141 887 652 193 971 662 923 675 409 489 912 333 656 400 155 759 687 578 797 817 580 939 640 914 253 751 739 769 454 687 391 979 726 327 547 368 202 150 978 266 610 165 499 993 292 805 968 527 406 513 627 442 355 942 626 339 727 337 586 552 934 414 776 673 113 737 186 847 354 355 528 946 675 463 553 398 785 857 700 638 453 509 822 248 765 920 968 175 715 828 669 989 993 116 791 748 630 691 408 511 579 393 626 281 242 199 400 782 748 796 641 790 634 499 199 783 153 455 699 319 558 510 126 229 994 101 601 549 511 994 286 341 465 583 450 818 689 184 241 608 171 480 320 401 690 521 267 434 547 898 478 216 944 600 682 666 447
OS
 1 0 1 0 0 1 0 1 0 0 0 0 0 1 1 0 0 1 1 1 1 1 0 0 0 1 0 0 0 0 0 1 1 1 1 0 1 1 1 0 1 1 0 1 1 0 1 1 1 0 0 0 1 0 1 1 1 1 1 0 1 0 0 0 0 1 1 1 1 0 1 0 1 1 1 1 0 1 1 1 0 0 0 1 1 1 0 0 0 1 0 0 0 0 0 1 1 1 0 1 1 0 1 0 1 0 0 0 0 0 0 1 1 1 1 0 0 1 1 1 1 0 1 1 0 0 0 1 1 1 0 0 0 0 0 0 1 0 1 0 0 1 0 0 1 0 1 0 1 1 1 0 0 0 0 1 1 1 0 0 1 1 1 1 0 1 1 1 1 1 0 1 0 1 0 0 1 0 1 0 1 0 1 1 1 1 0 0 1 0 0 1 0 0 0 0 1 1 1 1 1 1 1 1 1 0 1 0 1 1 1 0 1 0 0 1 1 1 0 1 0 0 1 0 0 1 0 0 0 1 1 1 0 0 1 1 0 1 1 1 0 0 0 1 1 1 0 1 1 1 1 0 1 0 0 0 1 0 0 1 0 0 1 0 1 0 0 0 1 0 1 0 1 1 1 1 0 0 0 0 0 1 1 1 1 0 1 1 0 0 0 1 0 1 0 0 0 1 0 1 1 1 0 0 1 1 0 0 1 1 1 1 0 1 0 1 1 1 1 1 0 0 0 0 0 1 0 0 1 1 1 0 1 0 1 1 0 1 1 1 0 0 1 1 1 0 1 0 0 0 1 0 0 0 1 0 1 0 1 0 1 1 0 1 1 1 1 1 1 1 0 1 0 1 0 0 1 1 1 0 1 0 1 0 0 0 0 1 0 1 1 1 1 0 1 0 0 0 0 1 0 0 1 0 1 1 0 0 1 0 0 0 0 0 0 0 0 1 1 1 0 0 1 1 0 1 0 1 1 0 0 1 1 1 0 1 1 1 1 1 1 1 1 0 1 0 0 0 1 1 0 0 1 1 1 1 0 1 0 0 1 1 0 1 1 0 0 0 0 0 0 0 1 0 0 0 1 0 1 0 1 1 0 1 1 0 0 1 0 1 0 0 1 0 0 0 1 1 0 0 1 0 1 1 0 0 0 0 0 1 1 0 0 0 0 1 0 1 0 1 0 0 0 0 0 1 1 0 1 1 0 0 1 1 0 1 0 1 1 1 0 1 1 0 0 1 1 1 0 1 0 0 1 1 1 0 0 0 1 0 1 0 1 0 1 0 1 1 1 1 0 0 1 1 1 1 0 0 1 0 1 0 0 1 1 0 0 1 1 1 1 0 0 0 1 0 1 1 1 1 1 0 1 0 0 0 1 0 1 1 1 1 1 0 0 0 1 1 1 0 0 1 0 0 1 0 0 1 0 0 1 1 0 1 1 0 0 1 1 0 0 1 1 1 1 0 0 0 1 1 1 0 1 1 0 0 0 0 0 0 0 0 0 0 0 0 0 1 1 0 0 1 0 1 0 0 1 1 0 0 1 0 0 1 0 1 0 1 0 0 1 0 0 0 0 1 0 0 1 1 0 1 1 1 0 1 0 0 0 1 1 0 1 0 1 0 1 0 1 1 1 0 0 1 1 1 1 1 1 0 1 0 0 0 0 1 1 1 1 1 1 0 0 0 1 0 1 0 0 1 1 1 0 0 0 0 1 0 0 0 1 1 1 0 1 1 0 1 1 0 1 1 1 1 0 1 0 0 0 0 1 1 1 1 1 0 1 0 1 1 0 1 1 1 0 1 0 1 0 0 1 0 1 1 0 0 0 0 1 0 0 0 1 1 0 0 0 1 0 0 1 1 1 0 1 1 0 1 0 0 0 1 0 1 1 1 0 1 0 0 1 1 1 1 1 1 0 0 0 1 0 0 0 0 0 1 0 1 0 0 1 0 0 1 0 1 1 0 0 0 0 0 1 1 0 1 1 0 0 0 1 0 1 0 0 0 0 0 0 1 1 0 1 0 0 1 0 0 0 1 1 0 1 0 1 0 1 0 0 1 0 0 0 0 0 1 1 0 1 1 0 1 1 0 0 0 1 0 1 0 1 1 0 1 1 1 0 1 1 0 1 0 0 1 1 1 0 0 0 0 1 0 1 1 1 1 1 1 0 0 1 0 0 0 1 0 0 0 0 0 1 1 0 0 0 1 1 0 0 0 0 1 0 1 0 1 1 1 0 1 1 0 0 0 1 1 0 0 1 1
F
 19152000 27357120 10977120 14484960 22145760 27770400 19524960 23103360 11430720 24111360 30733920 40934880 34715520 17055360 987840 18839520 31913280 7902720 14666400 26339040 42588000 11108160 41963040 33606720 2096640 685440 38828160 37830240 24071040 36671040 2610720 17529120 39523680 776160 4455360 39634560 25633440 19645920 35884800 27256320 32860800 16763040 41408640 31358880 6441120 29967840 23657760 5654880 31026240 36429120 43525440 18990720 39080160 14968800 26863200 41217120 29111040 6239520 11723040 10533600 4112640 26339040 33122880 40864320 1804320 12791520 16148160 22770720 4818240 8517600 19283040 8890560 614880 33959520 24927840 29574720 42043680 13668480 30219840 3356640 25683840 6511680 6521760 21843360 8618400 20482560 22800960 20522880 6481440 25230240 7136640 11360160 21843360 18456480 28496160 40017600 41771520 6602400 16359840 40068000 28304640 28002240 31217760 25714080 2066400 2469600 31066560 10634400 21369600 22397760 4284000 3457440 3195360 23718240 19081440 38072160 14484960 31258080 25925760 20180160 36832320 14384160 12720960 35602560 38203200 16279200 16884000 7680960 1622880 5342400 2348640 34846560 7691040 37003680 21036960 4354560 29050560 31258080 22276800 20049120 22589280 23859360 37981440 22891680 38062080 13849920 6491520 39251520 6763680 5493600 11793600 26913600 23567040 40350240 37265760 20936160 4757760 42567840 30119040 26167680 16460640 35602560 17105760 41811840 11249280 9696960 18698400 3497760 1038240 31167360 7066080 15986880 24998400 4011840 36943200 9384480 20674080 10573920 21651840 685440 29010240 24857280 42507360 41136480 38979360 43253280 8618400 13829760 32568480 38283840 20260800 4183200 30330720 42688800 39936960 8094240 32487840 1048320 4898880 5523840 11420640 37638720 16299360 41892480 12458880 41912640 40471200 29423520 5050080 37023840 31671360 12962880 6501600 8205120 43485120 8487360 40259520 34786080 20563200 6854400 12549600 2207520 32155200 3396960 27750240 30119040 12922560 39080160 20008800 33122880 2237760 26782560 34987680 37941120 26580960 2882880 27377280 1673280 3104640 39644640 21893760 12408480 1663200 13648320 8305920 24655680 13991040 25603200 40299840 14424480 39029760 1481760 30653280 9858240 21288960 16571520 31137120 26822880 3729600 20724480 11985120 35844480 24060960 33566400 2923200 28980000 42023520 31197600 796320 38737440 11854080 33808320 2187360 39614400 15674400 32467680 39604320 7741440 28324800 6017760 43212960 42749280 29877120 12720960 13386240 37517760 5796000 5160960 40612320 20139840 16440480 38455200 16521120 2782080 13356000 35370720 34020000 15432480 1199520 18829440 42043680 7902720 14716800 30844800 11884320 30068640 5392800 13638240 8598240 18385920 11702880 22307040 25522560 10221120 30965760 19837440 37890720 37306080 27649440 27357120 34151040 24958080 26097120 42920640 12267360 42971040 41378400 33102720 8144640 17357760 987840 39049920 39805920 22972320 6804000 23113440 30260160 32679360 17377920 997920 10815840 10251360 17377920 37356480 39785760 36449280 24222240 24312960 38535840 38414880 12388320 38172960 17015040 25663680 39957120 5423040 36953280 40138560 38687040 36731520 41640480 18224640 29494080 35915040 22770720 16662240 27619200 31167360 4929120 21178080 10573920 15099840 20492640 15120000 32518080 30844800 21742560 19736640 31489920 3175200 19706400 42477120 32205600 29221920 37920960 31752000 17115840 7358400 17448480 2187360 42084000 4294080 4223520 29373120 1663200 37951200 24514560 9233280 1300320 18023040 36247680 20815200 5100480 7267680 30411360 15039360 15059520 38727360 19091520 25633440 22982400 34413120 29725920 2126880 22478400 27972000 26339040 43535520 30280320 23647680 10916640 11047680 32598720 5029920 36449280 30794400 5987520 17781120 43323840 7721280 17519040 24756480 8971200 7449120 26016480 34261920 12731040 28990080 31842720 37346400 30754080 4606560 1733760 24091200 12257280 30189600 32074560 21853440 32437440 23073120 20442240 28244160 20623680 38949120 23808960 19504800 25724160 27649440 2056320 19776960 28062720 4616640 32770080 21883680 3951360 32689440 19585440 2419200 13648320 28506240 25542720 24958080 11662560 18396000 42154560 6229440 12468960 33082560 12216960 19283040 2217600 39977280 30290400 624960 2429280 3024000 27750240 42779520 1632960 19807200 887040 33677280 23677920 29715840 12418560 40612320 35904960 20664000 22891680 18809280 26006400 31903200 20190240 28224000 30129120 12539520 17952480 16188480 16954560 19111680 31379040 22942080 34161120 15422400 30572640 31741920 19101600 15865920 20583360 22992480 41317920 29272320 17821440 27558720 13214880 36711360 30340800 32427360 34755840 5745600 18688320 25381440 9817920 27468000 18940320 33566400 11813760 30532320 15160320 6602400 40672800 17549280 15452640 17317440 20462400 40975200 38485440 24081120 32608800 20976480 43495200 40451040 7801920 26611200 8426880 43172640 41378400 22488480 7328160 31187520 39473280 12831840 30159360 19020960 42154560 32981760 5977440 22327200 1965600 25562880 4233600 38888640 13970880 19877760 13083840 4525920 27387360 9092160 1653120 13678560 9646560 19182240 31641120 7368480 13406400 1159200 4939200 13245120 35239680 15563520 1411200 22397760 34866720 13970880 22085280 33253920 12892320 19535040 3134880 31550400 19676160 35854560 33223680 37023840 967680 12831840 15986880 33939360 17267040 27538560 38142720 14222880 37628640 9565920 7045920 35350560 7973280 1320480 29524320 35532000 12085920 40299840 36136800 34705440 36842400 14101920 27861120 20260800 15966720 42577920 17448480 38233440 24222240 13033440 22942080 39473280 18073440 18708480 24141600 6793920 16823520 29272320 40703040 31963680 16067520 26278560 20754720 25270560 14041440 32800320 20643840 2610720 21742560 36953280 23214240 40713120 28334880 27226080 25018560 1340640 28677600 38152800 43424640 27720000 2268000 29746080 12005280 41479200 33264000 12025440 39110400 12045600 19897920 16289280 3276000 25814880 24433920 25714080 23083200 2832480 23214240 27639360 38354400 32709600 32558400 13638240 10987200 35532000 14061600 16884000 16420320 3648960 35239680 40420800 13174560 29181600 16309440 18446400 25814880 6703200 2681280 9727200 36802080 7509600 675360 36862560 4515840 38263680 36580320 7701120 5574240 33516000 31207680 42194880 38485440 20603520 7953120 19020960 10402560 25552800 40773600 27760320 30925440 7731360 4465440 35390880 30189600 40088160 31993920 25220160 36217440 5785920 30965760 43212960 26187840 18234720 19081440 22307040 10977120 19434240 3306240 27840960 19595520 18718560 41771520 39392640 18557280 38606400 21772800 32195520 26449920 8890560 15301440 38011680 14222880 39695040 4697280 36096480 14414400 4596480 12801600 2005920 40148640 22921920 2136960 11077920 8406720 2691360 35219520 30824640 25945920 2802240 33395040 43202880 10452960 14585760 2318400 30260160 33969600 23184000 19272960 9122400 17791200 16057440 23093280 31510080 19474560 977760 42588000 37507680 24564960 39886560 23163840 41872320 43071840 4828320 7993440 1703520 7892640 19968480 17398080 28465920 21299040 30542400 19041120 37094400 28062720 11138400 15341760 27034560 5120640 31469760 39291840 11017440 17337600 13547520 37729440 27457920 1542240 8890560 32094720 41509440 5816160 5201280 41408640 31671360 31127040 20573280 25270560 14777280 10926720 30310560 16994880 41348160 21349440 29111040 33566400 4788000 38283840 3790080 38687040 19807200 32669280 27629280 32064480 38687040 40400640 4132800 16732800 28516320 25724160 16369920 18234720 27195840 705600 37225440 38011680 12479040 35320320 19585440 17922240 18244800 4203360 10674720 41035680 2540160 21228480 1249920 22196160 24524640 18698400 41207040 18698400 22397760 9384480 24474240 8729280 12872160 22680000 25351200 24262560 27014400 7549920 42527520 887040 5211360 27619200 4818240 35501760 35542080 12720960 30744000 3417120 5584320 22518720 11511360 1622880 42134400 19766880 30955680 7328160 12166560 11995200 21409920 33828480 5836320 19766880 25966080 2610720 25935840 4949280 29242080 3538080 29645280 25643520 4858560 4848480 38566080 37306080 43495200 26742240 32497920 40703040 1915200 22508640 1169280 37044000 34070400 12872160 41771520 2520000 18355680 17841600 32104800 13104000 22488480 35471520 22932000 21450240 39755520 31923360 10140480 11793600 5261760 33788160 4354560 745920 10866240 16833600 3880800 36933120 18496800 38122560 32346720 35310240 36832320 1128960 22952160 25411680 20795040 5019840 4808160 39301920 8396640 30189600 27074880 36499680 2721600 34332480 40914720 42517440 25905600 10231200 13053600 38848320 18980640 30834720 3447360 11864160 9868320 31409280 14091840 28163520 2036160 8961120 42053760 19313280 23960160 37568160 1108800 33082560 40229280 10654560 35179200 30330720 12106080 41781600 5735520 8850240 5150880
M
 4 1 3 3 2 4 4 2 2 2 4 1 3 4 2 1 2 1 1 3 4 3 3 4 1 1 4 2 2 4 3 2 4 1 1 1 3 3 1 3 4 4 3 1 3 1 1 1 3 3 1 3 2 3 3 2 2 1 4 4 4 2 3 1 4 2 3 3 2 2 2 4 1 3 3 1 3 1 2 4 2 3 3 4 1 1 4 2 1 1 4 2 3 3 1 3 2 4 2 1 4 3 3 3 3 1 3 2 2 3 3 1 3 3 1 4 1 2 3 4 1 3 3 4 3 3 2 4 4 2 3 4 1 1 3 1 1 2 1 2 2 4 4 2 1 1 3 4 3 1 1 2 2 2 1 4 2 1 1 1 2 4 3 3 3 2 2 3 2 4 3 2 1 1 4 2 4 2 2 1 3 2 2 4 3 2 3 1 2 4 4 1 2 1 2 3 2 3 4 4 4 3 2 1 4 2 2 3 3 3 1 3 1 4 2 2 2 2 1 3 3 4 1 1 2 4 2 2 3 3 4 4 2 2 2 1 2 2 4 2 3 3 2 1 2 2 3 2 2 1 3 2 3 3 1 4 4 4 3 1 1 4 1 1 1 3 1 1 1 4 3 1 4 2 2 4 2 4 1 4 2 4 3 3 2 1 3 4 3 4 2 2 1 4 3 3 1 3 1 1 4 3 3 2 1 1 2 1 4 3 1 4 2 1 4 2 1 2 1 4 3 2 1 2 1 4 2 3 4 1 2 3 4 1 2 3 4 1 1 4 4 3 1 3 4 2 1 2 4 2 1 1 1 1 1 2 4 2 4 3 1 2 1 2 2 4 4 4 2 2 1 4 2 3 4 4 1 3 2 4 2 3 3 3 3 2 4 2 4 1 4 3 2 2 2 1 2 1 1 4 2 2 1 1 3 2 2 3 1 3 1 2 2 1 2 1 4 2 2 4 3 2 1 4 4 1 3 4 4 4 4 3 4 1 2 4 2 2 2 3 2 4 2 2 3 4 1 1 1 1 2 3 4 1 4 2 2 2 4 1 2 4 1 1 3 4 3 1 1 1 2 4 3 4 2 3 1 1 3 2 4 4 3 2 2 4 3 1 3 4 4 2 4 4 4 4 1 3 1 3 1 4 3 3 1 4 4 2 3 3 2 4 4 3 3 4 1 1 1 4 3 4 1 2 3 2 2 1 4 2 3 1 3 3 4 3 2 3 3 3 2 3 1 3 2 2 1 1 3 1 3 1 2 4 4 3 3 1 4 2 4 1 4 4 3 3 4 1 3 1 3 3 4 4 4 2 2 2 3 3 4 4 4 1 2 4 2 2 1 2 3 4 4 4 3 2 2 1 2 1 2 2 1 3 4 1 2 1 3 2 4 3 1 3 3 4 4 1 4 3 4 2 2 2 4 2 3 4 1 3 2 4 1 2 3 3 3 2 1 4 4 2 3 1 4 2 2 2 1 4 1 1 1 3 3 2 2 3 3 3 2 3 2 1 2 2 3 1 2 2 3 4 3 1 1 4 2 4 4 2 3 1 2 4 3 1 1 4 1 4 3 1 2 2 1 2 1 1 1 2 4 4 4 2 2 3 3 2 1 2 4 4 3 3 4 3 1 1 2 3 2 4 1 1 1 3 2 2 2 2 1 3 2 2 3 2 2 4 2 2 2 4 4 3 2 2 2 2 4 4 4 2 2 4 4 3 2 2 3 4 4 4 4 4 4 3 3 1 1 3 4 4 4 3 3 4 2 2 1 4 1 4 1 3 4 4 4 2 1 2 2 1 1 1 1 1 4 3 4 1 4 1 3 4 3 4 1 2 2 2 3 2 1 4 1 4 2 2 2 2 3 2 1 3 2 3 3 2 1 2 4 1 3 1 3 1 1 2 1 3 2 2 2 3 3 3 3 1 1 4 1 1 2 1 4 1 1 3 1 4 3 1 2 1 1 2 2 3 4 2 2 3 1 3 1 4 3 3 4 1 3 3 4 4 1 2 1 1 3 1 4 2 1 1 1 4 3 2 3 4 1 1 3 3 2 1 2 2 4 2 2 3 4 3 2 3 3 2 4 4 4 4 2 2 4 4 3 2 1 2 1 1 3 1 1 1 2 4 4 3 2 3 2 1 3 2 3 3 1 3 3 1 1 4 3 1 2 2 3 4 2 4 4 3 4 3 4 4 1 4 1 1 3 2 1 2 4 2 2 4 4 2 4 3 1 4 2 1 2 4 1 2 2 1 1 4 4 1 2 3
