## - cloud resource specifications
numberOfClouds 
 3
packagename
 m3.medium m3.large m3.xlarge m3.2xlarge c3.large c3.xlarge c3.2xlarge c3.4xlarge c3.8xlarge r3.large r3.xlarge r3.2xlarge r3.4xlarge r3.8xlarge i2.xlarge i2.2xlarge i2.4xlarge i2.8xlarge n1-standard-1 n1-standard-2 n1-standard-4 n1-standard-8 n1-standard-16 n1-highcpu-2 n1-highcpu-4 n1-highcpu-8 n1-highcpu-16 n1-highmem-2 n1-highmem-4 n1-highmem-8 n1-highmem-16 A0 A1 A2 A3 A4 A5 A6 A7 D1 D2 D3 D4 D11 D12 D13 D14 A10 A11
package
 18 13 18
Gflops
 190 380 760 1520 426 852 1704 3408 6816 380 760 1520 3040 6080 760 1520 3040 6080 159 317 634 1268 2536 317 634 1268 2536 317 634 1268 2536 168 168 335 670 1340 670 1340 2680 335 670 1340 2680 670 1340 2680 5360 3040 6080
ram
 3.75 7.5 15 30 3.75 7.5 15 30 60 15.25 30.5 61 122 244 30.5 61 122 244 3.75 7.5 15 30 60 1.8 3.6 7.2 14.4 13 26 52 104 0.75 1.75 3.5 7.0 14.0 14.0 28.0 56.0 3.5 7.0 14.0 28.0 14.0 28.0 56.0 112.0 56.0 112.0
disk
 4.0 32.0 80.0 160.0 32.0 80.0 160.0 320.0 640.0 32.0 80.0 160.0 320.0 640.0 800.0 1600.0 3200.0 6400.0 100.0 250.0 500.0 750.0 1000.0 250.0 500.0 750.0 1000.0 250.0 500.0 750.0 1000.0 20.0 70.0 135.0 285.0 605.0 135.0 285.0 605.0 50.0 100.0 200.0 400.0 100.0 200.0 400.0 800.0 382.0 382.0
locationProvider
 7 3 8
locationID
 1 1 2 2 3 4 5 1 2 3 1 2 2 3 3 4 4 5
priceOS0
 0.07 0.14 0.28 0.56 0.105 0.21 0.42 0.84 1.68 0.175 0.35 0.7 1.4 2.8 0.853 1.705 3.41 6.82 0.077 0.154 0.308 0.616 0.12 0.239 0.478 0.956 1.912 0.195 0.39 0.78 1.56 3.12 0.938 1.876 3.751 7.502 0.077 0.154 0.308 0.616 0.12 0.239 0.478 0.956 1.912 0.195 0.39 0.78 1.56 3.12 0.938 1.876 3.751 7.502 0.083 0.166 0.332 0.665 0.129 0.258 0.516 1.032 2.064 0.21 0.421 0.842 1.684 3.369 1.013 2.026 4.051 8.102 0.098 0.196 0.392 0.784 0.132 0.265 0.529 1.058 2.117 0.21 0.42 0.84 1.68 3.36 1.018 2.035 4.07 8.14 0.101 0.203 0.405 0.81 0.128 0.255 0.511 1.021 2.043 0.21 0.42 0.84 1.68 3.36 1.001 2.001 4.002 8.004 0.098 0.196 0.392 0.784 0.132 0.265 0.529 1.058 2.117 0.21 0.42 0.84 1.68 3.36 1.018 2.035 4.07 8.14 0.122 0.255 0.510 1.521 2.924 0.275 0.550 1.601 3.084 0.237 0.474 1.449 2.780 0.126 0.263 0.526 1.553 2.988 0.285 0.570 1.641 3.164 0.243 0.486 1.473 2.828 0.126 0.263 0.526 1.553 2.988 0.285 0.570 1.641 3.164 0.243 0.486 1.473 2.828 0.02 0.06 0.12 0.24 0.48 0.25 0.5 1.0 0.094 0.188 0.376 0.752 0.238 0.476 0.857 1.542 1.16 2.08 0.02 0.06 0.12 0.24 0.48 0.248 0.496 0.992 0.094 0.188 0.376 0.752 0.238 0.476 0.857 1.542 1.33 2.39 0.02 0.06 0.12 0.24 0.48 0.27 0.54 1.08 0.115 0.23 0.46 0.92 0.273 0.546 0.983 1.769 1.33 2.39 0.02 0.06 0.12 0.24 0.48 0.294 0.588 1.176 0.138 0.276 0.552 1.104 0.295 0.59 1.062 1.912 1.51 2.7 0.02 0.06 0.12 0.24 0.48 0.27 0.54 1.08 0.12 0.24 0.48 0.96 0.256 0.512 0.922 1.659 1.33 2.39 0.024 0.081 0.162 0.324 0.648 0.281 0.562 1.124 0.142 0.284 0.568 1.136 0.295 0.59 1.062 1.912 1.51 2.7 0.021 0.073 0.146 0.292 0.584 0.258 0.516 1.032 0.123 0.246 0.492 0.984 0.256 0.512 0.922 1.659 1.33 2.39 0.029 0.071 0.142 0.284 0.568 0.278 0.556 1.112 0.12 0.239 0.478 0.956 0.256 0.512 0.922 1.66 1.33 2.39
priceOS1
 0.133 0.266 0.532 1.064 0.188 0.376 0.752 1.504 3.008 0.3 0.6 1.08 1.944 3.5 0.973 1.946 3.891 7.782 0.133 0.266 0.532 1.064 0.188 0.376 0.752 1.504 3.008 0.3 0.6 1.08 1.944 3.5 0.973 1.946 3.891 7.782 0.14 0.28 0.56 1.12 0.188 0.376 0.752 1.504 3.008 0.33 0.652 1.173 2.111 3.8 1.058 2.116 4.232 8.464 0.146 0.292 0.584 1.169 0.212 0.424 0.848 1.696 3.392 0.335 0.671 1.222 2.228 4.069 1.133 2.267 4.532 9.064 0.161 0.322 0.644 1.288 0.238 0.477 0.935 1.906 3.813 0.323 0.646 1.192 2.447 4.6 1.169 2.337 4.674 9.348 0.151 0.302 0.603 1.206 0.231 0.462 0.925 1.849 3.699 0.31 0.62 1.219 2.276 4.25 1.113 2.226 4.451 8.903 0.161 0.322 0.644 1.288 0.238 0.477 0.935 1.906 3.813 0.323 0.646 1.192 2.447 4.6 1.169 2.337 4.674 9.348 0.102 0.215 0.430 0.801 1.484 0.235 0.470 0.881 1.644 0.197 0.394 0.729 1.340 0.106 0.223 0.446 0.833 1.548 0.245 0.490 0.921 1.724 0.203 0.406 0.753 1.388 0.106 0.223 0.446 0.833 1.548 0.245 0.490 0.921 1.724 0.203 0.406 0.753 1.388 0.02 0.09 0.18 0.36 0.72 0.33 0.66 1.32 0.171 0.342 0.684 1.368 0.403 0.806 1.451 2.611 1.64 3.04 0.02 0.09 0.18 0.36 0.72 0.3 0.6 1.2 0.159 0.318 0.636 1.272 0.366 0.732 1.318 2.372 1.89 3.5 0.02 0.09 0.18 0.36 0.72 0.34 0.68 1.36 0.183 0.366 0.732 1.464 0.421 0.842 1.516 2.728 1.89 3.5 0.02 0.09 0.18 0.36 0.72 0.36 0.72 1.44 0.224 0.448 0.896 1.792 0.453 0.906 1.631 2.935 2.13 3.95 0.02 0.09 0.18 0.36 0.72 0.32 0.64 1.28 0.195 0.39 0.78 1.56 0.394 0.788 1.418 2.553 1.89 3.5 0.024 0.106 0.212 0.424 0.848 0.35 0.7 1.4 0.211 0.422 0.844 1.688 0.436 0.872 1.57 2.825 2.13 3.95 0.021 0.095 0.19 0.38 0.76 0.31 0.62 1.24 0.183 0.366 0.732 1.464 0.378 0.756 1.361 2.449 1.89 3.5 0.029 0.113 0.226 0.452 0.904 0.349 0.698 1.396 0.196 0.393 0.786 1.571 0.394 0.788 1.419 2.554 1.89 3.5
# - client 2 requirements:
N
500
Tf
 5 5 3 5 2 5 4 2 2 3 2 2 4 3 3 5 2 3 5 4 3 4 3 5 3 5 2 3 2 2 4 2 3 4 3 4 3 2 5 3 5 4 4 3 2 4 2 2 5 4 2 5 2 4 4 4 3 4 3 3 2 3 5 2 2 3 2 2 3 2 3 5 3 4 4 5 5 2 5 3 5 5 5 5 3 3 3 2 2 4 4 2 3 2 3 3 2 2 2 4 3 5 5 3 4 3 3 4 5 2 5 5 2 4 3 4 4 2 5 4 2 2 4 2 5 5 2 5 2 5 3 5 4 5 5 3 4 3 2 3 2 2 2 5 5 4 3 4 5 5 2 3 4 2 4 5 5 3 2 5 2 2 4 3 5 2 2 2 3 5 3 2 5 4 2 4 2 3 5 5 4 2 3 2 3 4 3 3 5 3 3 3 3 2 5 4 5 5 4 3 3 5 3 3 3 2 3 3 3 4 2 5 4 2 5 4 2 3 4 2 2 3 3 4 2 2 3 3 4 2 3 3 3 3 3 4 2 5 5 4 4 4 2 4 5 5 4 5 2 3 5 4 2 3 4 4 3 2 2 4 4 5 3 3 2 5 3 2 3 2 2 2 4 2 5 4 5 4 3 2 2 4 2 2 3 2 5 4 2 2 2 2 5 5 2 2 4 5 3 5 5 4 4 4 2 3 4 4 2 5 5 3 5 5 4 5 2 5 4 4 3 2 2 2 4 4 4 2 4 5 4 5 4 3 3 2 4 5 3 2 2 3 5 2 3 4 3 4 5 5 5 2 5 4 5 2 3 2 5 3 2 4 2 3 3 3 3 2 4 2 2 2 2 3 2 2 4 5 4 2 4 5 4 2 2 4 5 5 4 3 4 3 4 3 4 3 2 5 3 3 3 4 5 5 3 4 2 5 5 5 2 5 3 3 5 5 4 4 5 3 3 3 5 4 2 3 3 3 5 4 4 5 4 4 5 5 3 5 3 5 5 5 2 2 5 3 5 3 2 2 5 5 3 3 5 5 5 5 2 5 2 2 3 4 3 2 4 4 4 2 3 2 2 4 2 3 5 3 3 4 3 3 4 5 2 4 3 5 3 2 5 5 2 2 3 2 4 3 3 2
C
 0.56 0.56 0.56 0.56 0.56 0.56 0.56 0.56 0.56 0.56 0.56 0.56 0.56 0.56 0.56 0.56 0.56 0.56 0.56 0.56 0.56 0.56 0.56 0.56 0.56 0.56 0.56 0.56 0.56 0.56 0.56 0.56 0.56 0.56 0.56 0.56 0.56 0.56 0.56 0.56 0.56 0.56 0.56 0.56 0.56 0.56 0.56 0.56 0.56 0.56 0.56 0.56 0.56 0.56 0.56 0.56 0.56 0.56 0.56 1.12 0.56 0.56 0.56 0.56 0.56 0.56 0.56 0.56 0.56 0.56 0.56 0.56 0.56 0.56 0.56 0.56 0.56 0.56 0.56 0.56 0.56 0.56 0.56 0.56 0.56 0.56 0.56 0.56 0.56 0.56 0.56 0.56 0.56 0.56 0.56 0.56 0.56 0.56 0.56 0.56 0.56 0.56 0.56 0.56 0.56 0.56 0.56 0.56 0.56 0.56 0.56 0.56 0.56 0.56 0.56 0.56 0.56 0.56 0.56 0.56 0.56 0.56 0.56 0.56 0.56 0.56 0.56 0.56 0.56 0.56 0.56 1.12 0.56 0.56 0.56 0.56 0.56 0.56 0.56 0.56 0.56 0.56 0.56 0.56 0.56 0.56 0.56 0.56 0.56 0.56 0.56 0.56 0.56 0.56 0.56 0.56 0.56 0.56 0.56 0.56 0.56 0.56 0.56 0.56 0.56 0.56 0.56 0.56 0.56 0.56 0.56 0.56 0.56 0.56 0.56 0.56 0.56 0.56 0.56 0.56 0.56 0.56 0.56 0.56 0.56 0.56 0.56 0.56 0.56 0.56 0.56 0.56 0.56 0.56 0.56 0.56 0.56 0.56 0.56 0.56 0.56 0.56 0.56 0.56 0.56 0.56 0.56 0.56 0.56 0.56 0.56 0.56 0.56 0.56 0.56 0.56 0.56 0.56 0.56 0.56 0.56 0.56 0.56 0.56 0.56 0.56 0.56 0.56 0.56 0.56 0.56 0.56 0.56 0.56 0.56 0.56 0.56 0.56 0.56 0.56 0.56 0.56 0.56 0.56 0.56 0.56 0.56 0.56 0.56 0.56 0.56 0.56 0.56 0.56 0.56 0.56 0.56 0.56 0.56 0.56 0.56 0.56 0.56 0.56 0.56 0.56 0.56 0.56 0.56 0.56 0.56 0.56 0.56 0.56 0.56 0.56 0.56 0.56 0.56 0.56 0.56 0.56 0.56 0.56 0.56 0.56 0.56 0.56 0.56 0.56 0.56 0.56 0.56 0.56 0.56 0.56 0.56 0.56 0.56 0.56 0.56 0.56 0.56 0.56 0.56 0.56 0.56 0.56 0.56 0.56 0.56 0.56 0.56 0.56 0.56 0.56 0.56 0.56 0.56 0.56 0.56 0.56 0.56 0.56 0.56 0.56 0.56 0.56 0.56 0.56 0.56 0.56 0.56 0.56 0.56 0.56 0.56 0.56 0.56 0.56 0.56 0.56 0.56 0.56 0.56 0.56 0.56 0.56 0.56 0.56 0.56 0.56 0.56 0.56 0.56 0.56 0.56 0.56 0.56 0.56 0.56 0.56 0.56 0.56 0.56 0.56 0.56 0.56 0.56 0.56 0.56 0.56 0.56 0.56 0.56 0.56 0.56 0.56 0.56 0.56 0.56 0.56 0.56 0.56 0.56 0.56 0.56 0.56 0.56 0.56 0.56 0.56 0.56 0.56 0.56 0.56 0.56 0.56 0.56 0.56 0.56 0.56 0.56 0.56 0.56 0.56 0.56 0.56 0.56 0.56 0.56 0.56 0.56 0.56 0.56 0.56 0.56 0.56 0.56 0.56 0.56 0.56 0.56 0.56 0.56 0.56 0.56 0.56 0.56 0.56 0.56 1.12 0.56 0.56 0.56 0.56 0.56 0.56 0.56 0.56 0.56 0.56 0.56 0.56 0.56 0.56 0.56 0.56 0.56 0.56 0.56 0.56 0.56 0.56 0.56 0.56 0.56 0.56 0.56 0.56 0.56 0.56 0.56 0.56 0.56 0.56 0.56 0.56 0.56 0.56 0.56 0.56 0.56 0.56 0.56 0.56 0.56 0.56 0.56 0.56 0.56 0.56 0.56 0.56 0.56 0.56 0.56 0.56 0.56 0.56 1.12 1.12 0.56 0.56 0.56 0.56 0.56 0.56 0.56 0.56
LO
 5 1 3 1 5 2 3 4 3 0 1 3 3 4 3 3 2 3 1 0 5 4 1 3 2 1 1 4 2 1 0 1 2 5 3 0 5 4 5 5 4 2 0 5 4 2 5 1 5 4 5 2 3 4 2 3 4 4 0 3 4 5 3 5 3 3 5 5 2 2 2 0 4 4 5 5 5 3 1 5 5 5 1 4 3 1 0 4 3 1 3 1 3 1 5 3 1 0 0 1 5 0 0 5 2 1 3 2 0 5 5 1 0 4 2 0 0 1 5 1 5 5 4 0 5 0 5 5 1 5 0 3 1 4 2 1 5 5 5 1 2 3 3 2 1 2 5 5 5 0 2 3 4 2 2 3 4 0 1 4 0 5 2 2 3 0 2 4 5 2 5 1 5 4 0 4 0 0 4 3 2 5 3 4 5 3 2 1 3 5 5 2 2 2 5 1 3 0 2 3 5 1 0 5 2 4 4 3 0 4 4 3 2 1 4 1 2 3 2 5 4 0 1 1 2 0 1 1 2 4 3 2 2 1 5 2 0 3 3 5 2 3 0 3 3 0 0 2 0 4 5 1 1 0 3 3 2 2 3 1 0 0 3 2 4 5 5 3 4 0 2 0 2 5 0 2 1 1 3 1 2 1 2 0 5 5 0 0 4 3 0 1 1 2 0 1 4 1 0 1 5 3 5 2 5 4 5 1 0 0 1 0 3 2 3 0 4 5 0 0 0 1 4 3 3 0 4 1 1 1 5 4 3 2 0 3 4 2 4 3 4 5 5 1 0 2 5 2 1 3 5 1 1 4 4 0 3 3 2 0 2 2 5 3 3 4 2 1 0 5 4 3 2 5 5 2 0 2 3 5 3 5 2 1 3 2 1 0 5 5 2 5 2 5 2 2 3 0 5 0 0 3 1 2 4 2 1 2 5 4 2 0 0 0 3 2 5 1 3 3 2 2 2 1 0 1 3 4 5 0 5 0 3 2 0 1 0 5 2 0 0 0 3 2 0 0 3 2 1 3 5 3 1 3 1 1 3 0 2 1 4 0 1 5 4 2 0 3 4 4 4 5 2 5 4 0 0 3 0 0 5 5 2 1 1 1 1 4 1 0 0 0 0 1 3 2 1 5 5 1
D
 171 873 769 189 599 491 921 133 629 817 123 485 569 963 395 992 890 772 668 110 726 362 255 654 409 805 547 775 217 896 957 599 538 198 662 578 642 460 325 650 663 153 699 973 538 842 103 861 166 942 673 666 765 798 464 841 386 431 885 157 635 145 345 530 438 597 110 307 103 604 923 105 613 403 366 519 868 477 102 519 798 739 246 208 821 206 130 966 660 968 545 943 321 935 457 384 863 292 671 970 425 710 761 268 204 401 543 636 978 243 233 898 563 224 945 247 658 485 229 320 877 571 396 144 788 211 792 765 947 491 431 446 884 664 665 602 854 752 629 213 695 900 627 354 102 619 604 616 283 298 150 198 548 305 864 872 589 265 568 494 262 504 655 657 665 889 352 829 503 971 268 559 884 453 350 830 970 200 909 766 245 364 643 912 282 575 748 385 873 775 674 470 401 653 107 546 602 680 686 981 843 804 354 421 659 237 550 926 733 878 705 542 841 763 172 595 501 640 629 366 801 225 746 882 966 422 494 370 383 118 301 739 505 274 948 733 808 701 137 184 338 225 871 726 543 169 469 379 138 609 308 995 480 997 273 490 268 811 767 797 824 440 147 436 350 567 891 210 184 679 168 776 406 797 588 951 545 318 667 293 338 849 244 987 980 669 807 949 951 713 116 486 425 830 918 165 413 357 651 416 147 494 195 614 244 669 394 684 749 692 955 298 300 269 912 384 750 808 846 316 769 787 679 109 272 537 580 580 873 486 272 142 120 148 308 957 131 703 538 902 925 552 842 746 251 100 170 887 221 499 177 299 655 789 582 971 537 117 139 252 355 469 235 763 908 707 819 634 343 221 402 422 251 186 894 183 744 869 556 823 115 427 819 881 610 469 847 487 215 542 454 447 949 958 435 618 379 519 156 278 769 396 133 998 809 785 882 711 405 650 163 306 743 726 311 581 863 229 212 841 768 150 691 443 106 130 585 666 453 309 310 978 835 875 932 814 456 247 858 129 494 930 375 676 697 971 818 898 195 559 189 720 109 650 153 888 896 222 196 353 463 385 581 319 336 471 693 328 474 835 682 667 410 249 157 648 422 514 355 814 405 931 790 507 968 418 830 698 474 514 322 875 948 459 965 250 591 751 234 404
OS
 1 1 1 1 1 0 1 0 1 0 0 1 1 1 0 1 1 1 1 0 0 0 0 0 1 1 0 1 0 0 1 0 0 1 1 1 0 1 0 1 1 0 1 1 1 0 0 1 1 1 1 1 0 0 0 1 0 1 0 1 1 0 1 0 0 0 1 1 1 1 1 1 0 0 1 0 1 0 1 1 1 0 1 1 0 1 0 0 1 0 0 0 1 0 1 1 0 1 1 1 0 1 0 0 1 0 0 0 0 1 1 1 1 0 1 0 1 0 0 0 1 0 1 1 1 1 1 1 0 0 1 1 1 0 0 1 1 1 1 1 1 1 0 1 0 0 0 1 1 0 0 1 0 0 1 1 0 0 1 1 1 1 0 0 0 0 1 1 1 0 0 0 0 0 1 1 0 1 1 1 0 0 0 1 0 1 0 1 0 0 1 1 0 0 0 1 0 0 1 0 0 1 1 1 0 0 1 1 0 0 0 0 0 1 0 1 1 0 0 1 1 0 0 0 0 0 0 0 0 0 0 1 0 1 1 1 0 0 0 0 0 1 0 1 1 1 0 0 1 0 0 0 1 0 0 1 1 0 1 1 0 1 0 1 0 1 0 1 1 1 0 0 0 0 0 1 0 0 1 0 1 0 1 1 1 0 0 1 1 1 0 0 1 1 0 0 1 1 0 0 1 1 1 0 1 1 1 0 1 1 1 1 0 1 0 0 1 1 0 0 1 1 0 1 1 1 0 1 0 1 1 1 0 0 1 1 0 0 0 0 1 1 1 0 1 0 0 0 1 0 1 1 0 1 1 0 1 0 0 0 1 0 0 0 0 0 0 0 0 1 0 0 1 0 1 1 1 0 1 1 1 0 0 0 0 0 0 0 1 0 0 1 0 0 1 1 0 1 1 1 0 1 0 0 0 0 1 1 0 0 0 0 0 0 1 1 1 1 0 0 1 0 1 1 0 1 1 0 0 0 0 0 1 1 0 0 0 0 0 0 1 0 0 0 0 1 0 0 1 1 1 1 1 1 0 1 0 0 0 0 1 1 0 0 0 1 1 0 0 0 1 0 0 0 0 1 1 0 1 0 1 0 0 1 1 0 1 1 0 1 0 1 0 0 1 1 1 1 0 1
F
 131040 171360 463680 262080 403200 201600 584640 120960 231840 584640 312480 161280 120960 383040 40320 171360 554400 493920 262080 252000 262080 191520 181440 564480 272160 181440 252000 544320 322560 433440 90720 584640 352800 423360 574560 161280 120960 181440 534240 594720 433440 483840 524160 584640 463680 100800 493920 423360 483840 483840 211680 544320 383040 292320 30240 342720 393120 473760 282240 604800 30240 211680 584640 80640 241920 70560 191520 483840 161280 544320 262080 372960 433440 50400 413280 584640 181440 80640 151200 231840 141120 393120 60480 131040 231840 191520 131040 171360 362880 332640 312480 60480 322560 483840 322560 131040 161280 60480 262080 282240 231840 423360 221760 191520 110880 50400 332640 393120 534240 564480 282240 201600 252000 423360 60480 151200 211680 352800 564480 211680 282240 201600 332640 524160 312480 181440 453600 403200 423360 110880 413280 604800 463680 282240 483840 191520 312480 534240 524160 100800 262080 413280 211680 221760 131040 302400 554400 70560 252000 262080 393120 30240 463680 100800 352800 211680 10080 241920 151200 252000 322560 584640 372960 544320 443520 302400 302400 433440 403200 362880 423360 312480 60480 171360 413280 393120 221760 423360 524160 584640 110880 90720 524160 292320 463680 443520 594720 181440 60480 60480 433440 241920 574560 524160 352800 241920 463680 211680 423360 50400 362880 30240 241920 131040 524160 100800 383040 413280 483840 554400 131040 483840 383040 342720 372960 372960 594720 201600 40320 181440 493920 483840 90720 211680 211680 292320 241920 504000 312480 493920 493920 30240 322560 413280 574560 574560 141120 463680 100800 20160 100800 322560 544320 574560 302400 463680 60480 544320 70560 332640 100800 312480 181440 504000 332640 362880 80640 393120 110880 504000 241920 544320 584640 40320 171360 554400 463680 181440 120960 473760 181440 282240 302400 574560 282240 40320 171360 372960 252000 201600 493920 161280 372960 504000 151200 362880 383040 504000 302400 292320 574560 171360 372960 322560 110880 241920 292320 443520 493920 302400 514080 383040 100800 504000 433440 191520 342720 90720 201600 231840 403200 70560 292320 120960 504000 141120 574560 100800 181440 211680 110880 362880 10080 262080 40320 433440 302400 120960 332640 241920 120960 141120 60480 564480 544320 332640 463680 584640 131040 463680 544320 272160 90720 161280 191520 302400 80640 372960 594720 151200 70560 473760 352800 463680 151200 151200 403200 70560 322560 20160 383040 241920 60480 332640 584640 272160 131040 594720 171360 120960 151200 534240 443520 312480 504000 493920 151200 90720 231840 201600 141120 372960 131040 473760 423360 110880 231840 574560 231840 594720 332640 443520 181440 191520 282240 50400 30240 564480 40320 181440 131040 191520 302400 110880 332640 302400 191520 524160 534240 292320 80640 191520 332640 584640 383040 252000 120960 171360 302400 443520 10080 534240 90720 372960 393120 453600 171360 30240 443520 352800 30240 604800 423360 433440 131040 70560 221760 110880 383040 161280 90720 231840 342720 574560 413280 110880 282240 584640 302400 393120 584640 30240 443520 70560 272160 50400 594720 554400 493920 554400 252000 231840 141120 473760 443520 312480 332640 141120 181440 191520 332640 372960 70560 463680 292320 231840 413280 574560 80640 443520 342720 221760 544320 514080 211680 20160 362880 40320 282240 50400 604800 604800 282240 302400 362880 342720 30240 312480 493920 80640
M
 5 7 7 5 6 4 8 4 8 6 6 4 4 7 8 4 8 7 5 7 4 8 7 7 6 7 6 8 7 6 4 8 6 6 5 7 6 8 8 6 6 8 5 6 5 6 6 7 5 6 6 4 7 5 5 7 8 7 6 8 5 8 6 5 4 4 8 8 6 5 8 4 5 4 4 7 6 8 7 8 4 7 5 6 8 5 8 6 8 4 4 8 6 7 8 4 7 5 6 4 8 5 5 5 8 8 5 6 8 4 8 8 7 5 8 6 4 7 4 5 8 8 5 7 5 8 4 4 4 5 7 8 7 8 7 7 7 8 5 5 5 8 5 5 6 7 8 5 6 7 5 4 8 4 8 6 7 4 4 7 8 4 5 6 4 6 5 4 7 6 6 5 5 7 6 4 5 4 7 5 6 8 8 6 7 6 7 6 6 8 4 6 5 8 4 8 4 4 6 5 5 5 8 6 5 7 8 7 4 5 8 5 6 7 5 7 6 4 5 4 7 7 8 7 7 8 5 7 5 6 7 6 8 7 6 6 6 5 7 8 6 7 6 5 8 5 8 6 8 8 5 4 7 6 6 7 7 7 4 4 5 6 7 4 8 6 5 6 7 6 5 5 7 6 8 4 5 4 7 5 7 4 4 7 7 4 8 6 6 4 8 7 4 6 8 7 5 7 5 6 7 8 7 6 4 4 4 6 6 8 8 5 5 7 6 5 6 6 5 4 6 8 6 7 8 4 4 7 6 5 8 5 4 4 4 4 4 4 6 6 4 6 4 4 8 4 5 7 7 5 7 7 7 4 8 5 5 4 6 4 4 8 5 6 8 4 5 5 7 4 5 7 5 4 6 7 6 7 5 4 8 8 6 4 5 8 5 7 6 8 5 4 4 6 8 7 6 8 7 5 6 8 4 4 7 8 4 4 5 8 8 7 6 5 8 7 6 5 7 6 5 4 6 4 4 6 6 4 5 8 5 5 8 8 7 5 4 7 5 8 8 7 8 5 5 7 5 8 5 5 7 4 6 7 5 8 7 7 4 5 4 5 6 7 6 6 4 8 6 5 6 7 5 4 6 7 8 6 8 8 8 5 5 4 7 6 7 4 8 5 5 8 5 8 8 7 8 4 6 6
