## - cloud resource specifications
numberOfClouds 
 3
packagename
 m3.medium m3.large m3.xlarge m3.2xlarge c3.large c3.xlarge c3.2xlarge c3.4xlarge c3.8xlarge r3.large r3.xlarge r3.2xlarge r3.4xlarge r3.8xlarge i2.xlarge i2.2xlarge i2.4xlarge i2.8xlarge n1-standard-1 n1-standard-2 n1-standard-4 n1-standard-8 n1-standard-16 n1-highcpu-2 n1-highcpu-4 n1-highcpu-8 n1-highcpu-16 n1-highmem-2 n1-highmem-4 n1-highmem-8 n1-highmem-16 A0 A1 A2 A3 A4 A5 A6 A7 D1 D2 D3 D4 D11 D12 D13 D14 A10 A11
package
 18 13 18
Gflops
 190 380 760 1520 426 852 1704 3408 6816 380 760 1520 3040 6080 760 1520 3040 6080 159 317 634 1268 2536 317 634 1268 2536 317 634 1268 2536 168 168 335 670 1340 670 1340 2680 335 670 1340 2680 670 1340 2680 5360 3040 6080
ram
 3.75 7.5 15 30 3.75 7.5 15 30 60 15.25 30.5 61 122 244 30.5 61 122 244 3.75 7.5 15 30 60 1.8 3.6 7.2 14.4 13 26 52 104 0.75 1.75 3.5 7.0 14.0 14.0 28.0 56.0 3.5 7.0 14.0 28.0 14.0 28.0 56.0 112.0 56.0 112.0
disk
 4.0 32.0 80.0 160.0 32.0 80.0 160.0 320.0 640.0 32.0 80.0 160.0 320.0 640.0 800.0 1600.0 3200.0 6400.0 100.0 250.0 500.0 750.0 1000.0 250.0 500.0 750.0 1000.0 250.0 500.0 750.0 1000.0 20.0 70.0 135.0 285.0 605.0 135.0 285.0 605.0 50.0 100.0 200.0 400.0 100.0 200.0 400.0 800.0 382.0 382.0
locationProvider
 7 3 8
locationID
 1 1 2 2 3 4 5 1 2 3 1 2 2 3 3 4 4 5
priceOS0
 0.07 0.14 0.28 0.56 0.105 0.21 0.42 0.84 1.68 0.175 0.35 0.7 1.4 2.8 0.853 1.705 3.41 6.82 0.077 0.154 0.308 0.616 0.12 0.239 0.478 0.956 1.912 0.195 0.39 0.78 1.56 3.12 0.938 1.876 3.751 7.502 0.077 0.154 0.308 0.616 0.12 0.239 0.478 0.956 1.912 0.195 0.39 0.78 1.56 3.12 0.938 1.876 3.751 7.502 0.083 0.166 0.332 0.665 0.129 0.258 0.516 1.032 2.064 0.21 0.421 0.842 1.684 3.369 1.013 2.026 4.051 8.102 0.098 0.196 0.392 0.784 0.132 0.265 0.529 1.058 2.117 0.21 0.42 0.84 1.68 3.36 1.018 2.035 4.07 8.14 0.101 0.203 0.405 0.81 0.128 0.255 0.511 1.021 2.043 0.21 0.42 0.84 1.68 3.36 1.001 2.001 4.002 8.004 0.098 0.196 0.392 0.784 0.132 0.265 0.529 1.058 2.117 0.21 0.42 0.84 1.68 3.36 1.018 2.035 4.07 8.14 0.122 0.255 0.510 1.521 2.924 0.275 0.550 1.601 3.084 0.237 0.474 1.449 2.780 0.126 0.263 0.526 1.553 2.988 0.285 0.570 1.641 3.164 0.243 0.486 1.473 2.828 0.126 0.263 0.526 1.553 2.988 0.285 0.570 1.641 3.164 0.243 0.486 1.473 2.828 0.02 0.06 0.12 0.24 0.48 0.25 0.5 1.0 0.094 0.188 0.376 0.752 0.238 0.476 0.857 1.542 1.16 2.08 0.02 0.06 0.12 0.24 0.48 0.248 0.496 0.992 0.094 0.188 0.376 0.752 0.238 0.476 0.857 1.542 1.33 2.39 0.02 0.06 0.12 0.24 0.48 0.27 0.54 1.08 0.115 0.23 0.46 0.92 0.273 0.546 0.983 1.769 1.33 2.39 0.02 0.06 0.12 0.24 0.48 0.294 0.588 1.176 0.138 0.276 0.552 1.104 0.295 0.59 1.062 1.912 1.51 2.7 0.02 0.06 0.12 0.24 0.48 0.27 0.54 1.08 0.12 0.24 0.48 0.96 0.256 0.512 0.922 1.659 1.33 2.39 0.024 0.081 0.162 0.324 0.648 0.281 0.562 1.124 0.142 0.284 0.568 1.136 0.295 0.59 1.062 1.912 1.51 2.7 0.021 0.073 0.146 0.292 0.584 0.258 0.516 1.032 0.123 0.246 0.492 0.984 0.256 0.512 0.922 1.659 1.33 2.39 0.029 0.071 0.142 0.284 0.568 0.278 0.556 1.112 0.12 0.239 0.478 0.956 0.256 0.512 0.922 1.66 1.33 2.39
priceOS1
 0.133 0.266 0.532 1.064 0.188 0.376 0.752 1.504 3.008 0.3 0.6 1.08 1.944 3.5 0.973 1.946 3.891 7.782 0.133 0.266 0.532 1.064 0.188 0.376 0.752 1.504 3.008 0.3 0.6 1.08 1.944 3.5 0.973 1.946 3.891 7.782 0.14 0.28 0.56 1.12 0.188 0.376 0.752 1.504 3.008 0.33 0.652 1.173 2.111 3.8 1.058 2.116 4.232 8.464 0.146 0.292 0.584 1.169 0.212 0.424 0.848 1.696 3.392 0.335 0.671 1.222 2.228 4.069 1.133 2.267 4.532 9.064 0.161 0.322 0.644 1.288 0.238 0.477 0.935 1.906 3.813 0.323 0.646 1.192 2.447 4.6 1.169 2.337 4.674 9.348 0.151 0.302 0.603 1.206 0.231 0.462 0.925 1.849 3.699 0.31 0.62 1.219 2.276 4.25 1.113 2.226 4.451 8.903 0.161 0.322 0.644 1.288 0.238 0.477 0.935 1.906 3.813 0.323 0.646 1.192 2.447 4.6 1.169 2.337 4.674 9.348 0.102 0.215 0.430 0.801 1.484 0.235 0.470 0.881 1.644 0.197 0.394 0.729 1.340 0.106 0.223 0.446 0.833 1.548 0.245 0.490 0.921 1.724 0.203 0.406 0.753 1.388 0.106 0.223 0.446 0.833 1.548 0.245 0.490 0.921 1.724 0.203 0.406 0.753 1.388 0.02 0.09 0.18 0.36 0.72 0.33 0.66 1.32 0.171 0.342 0.684 1.368 0.403 0.806 1.451 2.611 1.64 3.04 0.02 0.09 0.18 0.36 0.72 0.3 0.6 1.2 0.159 0.318 0.636 1.272 0.366 0.732 1.318 2.372 1.89 3.5 0.02 0.09 0.18 0.36 0.72 0.34 0.68 1.36 0.183 0.366 0.732 1.464 0.421 0.842 1.516 2.728 1.89 3.5 0.02 0.09 0.18 0.36 0.72 0.36 0.72 1.44 0.224 0.448 0.896 1.792 0.453 0.906 1.631 2.935 2.13 3.95 0.02 0.09 0.18 0.36 0.72 0.32 0.64 1.28 0.195 0.39 0.78 1.56 0.394 0.788 1.418 2.553 1.89 3.5 0.024 0.106 0.212 0.424 0.848 0.35 0.7 1.4 0.211 0.422 0.844 1.688 0.436 0.872 1.57 2.825 2.13 3.95 0.021 0.095 0.19 0.38 0.76 0.31 0.62 1.24 0.183 0.366 0.732 1.464 0.378 0.756 1.361 2.449 1.89 3.5 0.029 0.113 0.226 0.452 0.904 0.349 0.698 1.396 0.196 0.393 0.786 1.571 0.394 0.788 1.419 2.554 1.89 3.5
# - client 2 requirements:
N
1000
Tf
 3 5 3 5 2 5 4 4 3 3 4 3 2 5 2 4 4 4 4 5 4 3 2 4 4 4 4 5 5 4 2 2 3 2 5 3 3 4 5 2 4 4 3 2 2 2 3 5 2 2 2 3 4 4 4 4 4 2 3 3 4 2 5 4 3 3 5 2 4 4 2 3 2 3 5 5 2 5 4 4 2 5 3 3 2 3 2 2 5 2 3 3 2 5 4 4 4 5 4 5 4 2 5 2 4 2 3 3 5 3 3 2 5 4 3 3 2 5 2 3 3 5 3 4 5 4 4 2 3 3 4 2 3 2 5 5 2 5 2 2 4 2 5 4 5 4 5 2 2 4 3 5 2 5 3 5 3 2 5 4 5 4 4 2 2 4 3 4 5 5 5 5 5 2 5 3 5 2 4 3 3 3 5 3 5 3 5 2 2 2 2 3 4 3 3 4 4 5 3 3 3 3 4 3 4 5 3 2 4 4 5 4 4 3 2 5 4 3 2 5 4 2 2 5 5 4 5 5 5 2 5 2 2 2 5 4 5 5 2 4 5 5 5 3 3 5 2 4 2 2 5 5 2 2 3 5 4 3 4 4 4 2 4 3 2 3 4 2 3 4 2 2 4 3 5 3 3 5 4 4 4 5 4 3 2 3 5 3 5 5 5 5 5 3 5 2 3 2 2 3 2 2 4 3 5 5 2 5 5 3 4 2 3 2 2 4 3 2 4 3 5 3 2 3 5 4 5 5 3 2 4 5 2 2 2 2 5 4 4 4 4 4 2 3 2 5 4 5 4 5 2 5 5 4 4 3 5 4 2 2 5 4 5 4 2 2 2 3 4 2 4 3 4 2 3 5 4 3 5 5 2 5 4 3 2 2 4 2 4 3 4 2 5 4 2 5 2 3 3 2 3 2 5 3 5 4 4 2 5 3 3 4 4 4 2 5 2 3 4 5 5 2 2 4 4 4 2 5 5 5 4 5 2 3 5 3 2 4 5 4 2 5 4 5 2 5 4 4 2 4 4 5 2 2 5 3 2 3 3 2 2 2 2 5 4 5 4 3 5 2 2 5 4 4 5 5 3 5 3 2 5 4 3 3 3 2 4 4 4 5 4 3 2 5 4 2 4 4 4 3 5 5 3 4 4 5 2 4 3 4 4 3 2 3 5 4 5 4 4 5 3 2 4 5 3 2 3 5 2 2 3 4 4 2 3 3 2 5 5 4 3 3 3 2 3 4 3 3 2 2 2 5 2 2 5 3 3 4 4 2 5 5 2 2 5 3 2 4 2 2 2 2 5 4 4 5 5 3 5 4 2 2 4 3 4 5 2 3 5 5 2 2 4 5 2 2 2 2 5 5 4 4 2 3 3 4 3 4 3 2 5 2 5 3 2 3 4 2 5 5 3 3 4 3 5 5 5 4 4 4 3 4 2 2 5 5 3 2 4 3 2 3 2 4 2 2 2 3 5 3 4 2 2 3 3 4 2 4 4 4 2 2 3 2 2 5 4 4 5 5 4 3 4 2 5 4 4 2 4 4 3 3 5 4 4 5 4 5 3 2 4 4 2 5 3 2 5 3 2 5 3 3 4 2 3 5 3 4 3 5 3 2 3 3 5 4 3 4 4 5 2 5 4 3 2 2 4 5 4 2 5 2 2 3 5 4 3 3 3 4 5 2 2 5 4 5 4 4 2 5 2 5 3 3 2 2 5 3 4 4 2 4 3 4 2 5 2 4 3 3 2 3 4 3 5 5 3 4 4 5 4 4 4 4 5 5 3 2 3 3 5 4 5 3 4 2 3 5 3 2 2 5 2 5 2 5 4 4 3 3 2 2 5 2 2 5 2 4 2 5 4 4 4 3 3 2 2 2 2 4 4 4 5 4 2 3 3 2 3 2 2 4 2 5 5 4 5 4 5 4 3 3 5 3 2 4 5 4 4 5 3 2 3 4 5 4 4 4 4 2 3 5 4 3 5 5 5 4 2 4 5 2 5 5 5 4 5 2 2 5 4 4 5 2 3 3 3 2 3 2 3 3 2 5 4 4 2 3 4 4 5 3 4 3 2 2 3 4 4 2 2 2 2 4 4 3 2 2 5 4 2 5 4 4 2 4 3 5 5 3 4 3 3 5 5 4 2 4 3 2 3 3 2 4 2 4 4 4 4 2 2 3 3 5 4 2 4 2 2 5 5 4 4 4 3 4 2 5 5 3 2 4 5 5 5 2 4 4 4 3 2 5 4 5 3 5 5 3 4 3
C
 1.07 1.07 1.07 1.07 1.07 1.07 1.07 1.07 1.07 1.07 1.07 1.07 1.07 1.07 1.07 1.07 1.07 1.07 1.07 1.07 1.07 1.07 1.07 1.07 1.07 1.07 1.07 1.07 1.07 1.07 1.07 1.07 1.07 1.07 1.07 1.07 1.07 1.07 1.07 1.07 1.07 1.07 1.07 1.07 1.07 1.07 1.07 1.07 1.07 1.07 1.07 1.07 1.07 1.07 1.07 1.07 1.07 1.07 1.07 1.07 1.07 1.07 1.07 1.07 1.07 1.07 1.07 1.07 1.07 1.07 1.07 1.07 1.07 1.07 1.07 1.07 1.07 1.07 1.07 1.07 1.07 1.07 1.07 1.07 1.07 1.07 1.07 1.07 1.07 1.07 1.07 1.07 1.07 1.07 1.07 1.07 1.07 1.07 1.07 1.07 1.07 1.07 1.07 1.07 1.07 1.07 1.07 1.07 1.07 1.07 1.07 1.07 1.07 1.07 1.07 1.07 1.07 1.07 1.07 1.07 1.07 1.07 1.07 1.07 1.07 1.07 1.07 1.07 1.07 1.07 1.07 1.07 1.07 1.07 1.07 1.07 1.07 1.07 1.07 1.07 1.07 1.07 1.07 1.07 1.07 1.07 1.07 1.07 1.07 1.07 1.07 1.07 1.07 1.07 1.07 1.07 1.07 1.07 1.07 1.07 1.07 1.07 1.07 1.07 1.07 1.07 1.07 1.07 1.07 1.07 1.07 1.07 1.07 1.07 1.07 1.07 1.07 1.07 1.07 1.07 1.07 1.07 1.07 1.07 1.07 1.07 1.07 1.07 1.07 1.07 1.07 1.07 1.07 1.07 1.07 1.07 1.07 1.07 1.07 1.07 1.07 1.07 1.07 1.07 1.07 1.07 1.07 1.07 1.07 1.07 1.07 1.07 1.07 1.07 1.07 1.07 1.07 1.07 1.07 1.07 1.07 1.07 1.07 1.07 1.07 1.07 1.07 1.07 1.07 1.07 1.07 1.07 1.07 1.07 1.07 1.07 1.07 1.07 1.07 1.07 1.07 1.07 1.07 1.07 1.07 1.07 1.07 1.07 1.07 1.07 1.07 1.07 1.07 1.07 1.07 1.07 1.07 1.07 1.07 1.07 1.07 1.07 1.07 1.07 1.07 1.07 1.07 1.07 1.07 1.07 1.07 1.07 1.07 1.07 1.07 1.07 1.07 1.07 1.07 1.07 1.07 1.07 1.07 1.07 1.07 1.07 1.07 1.07 1.07 1.07 1.07 1.07 1.07 1.07 1.07 1.07 1.07 1.07 1.07 1.07 1.07 1.07 1.07 1.07 1.07 1.07 1.07 1.07 1.07 1.07 1.07 1.07 1.07 1.07 1.07 1.07 1.07 1.07 1.07 1.07 1.07 1.07 1.07 1.07 1.07 1.07 1.07 1.07 1.07 1.07 1.07 1.07 1.07 1.07 1.07 1.07 1.07 1.07 1.07 1.07 1.07 1.07 1.07 1.07 1.07 1.07 1.07 1.07 1.07 1.07 1.07 1.07 1.07 1.07 1.07 1.07 1.07 1.07 1.07 1.07 1.07 1.07 1.07 1.07 1.07 1.07 1.07 1.07 1.07 1.07 1.07 1.07 1.07 1.07 1.07 1.07 1.07 1.07 1.07 1.07 1.07 1.07 1.07 1.07 1.07 1.07 1.07 1.07 1.07 1.07 1.07 1.07 1.07 1.07 1.07 1.07 1.07 1.07 1.07 1.07 1.07 1.07 1.07 1.07 1.07 1.07 1.07 1.07 1.07 1.07 1.07 1.07 1.07 1.07 1.07 1.07 1.07 1.07 1.07 1.07 1.07 1.07 1.07 1.07 1.07 1.07 1.07 1.07 1.07 1.07 1.07 1.07 1.07 1.07 1.07 1.07 1.07 1.07 1.07 1.07 1.07 1.07 1.07 1.07 1.07 1.07 1.07 1.07 1.07 1.07 1.07 1.07 1.07 1.07 1.07 1.07 1.07 1.07 1.07 1.07 1.07 1.07 1.07 1.07 1.07 1.07 1.07 1.07 1.07 1.07 1.07 1.07 1.07 1.07 1.07 1.07 1.07 1.07 1.07 1.07 1.07 1.07 1.07 1.07 1.07 1.07 1.07 1.07 1.07 1.07 1.07 1.07 1.07 1.07 1.07 1.07 1.07 1.07 1.07 1.07 1.07 1.07 1.07 1.07 1.07 1.07 1.07 1.07 1.07 1.07 1.07 1.07 1.07 1.07 1.07 1.07 1.07 1.07 1.07 1.07 1.07 1.07 1.07 1.07 1.07 1.07 1.07 1.07 1.07 1.07 1.07 1.07 1.07 1.07 1.07 1.07 1.07 1.07 1.07 1.07 1.07 1.07 1.07 1.07 1.07 1.07 1.07 1.07 1.07 1.07 1.07 1.07 1.07 1.07 1.07 1.07 1.07 1.07 1.07 1.07 1.07 1.07 1.07 1.07 1.07 1.07 1.07 1.07 1.07 1.07 1.07 1.07 1.07 1.07 1.07 1.07 1.07 1.07 1.07 1.07 1.07 1.07 1.07 1.07 1.07 1.07 1.07 1.07 1.07 1.07 1.07 1.07 1.07 1.07 1.07 1.07 1.07 1.07 1.07 1.07 1.07 1.07 1.07 1.07 1.07 1.07 1.07 1.07 1.07 1.07 1.07 1.07 1.07 1.07 1.07 1.07 1.07 1.07 1.07 1.07 1.07 1.07 1.07 1.07 1.07 1.07 1.07 1.07 1.07 1.07 1.07 1.07 1.07 1.07 1.07 1.07 1.07 1.07 1.07 1.07 1.07 1.07 1.07 1.07 1.07 1.07 1.07 1.07 1.07 1.07 1.07 1.07 1.07 1.07 1.07 1.07 1.07 1.07 1.07 1.07 1.07 1.07 1.07 1.07 1.07 1.07 1.07 1.07 1.07 1.07 1.07 1.07 1.07 1.07 1.07 1.07 1.07 1.07 1.07 1.07 1.07 1.07 1.07 1.07 1.07 1.07 1.07 1.07 1.07 1.07 1.07 1.07 1.07 1.07 1.07 1.07 1.07 1.07 1.07 1.07 1.07 1.07 1.07 1.07 1.07 1.07 1.07 1.07 1.07 1.07 1.07 1.07 1.07 1.07 1.07 1.07 1.07 1.07 1.07 1.07 1.07 1.07 1.07 1.07 1.07 1.07 1.07 1.07 1.07 1.07 1.07 1.07 1.07 1.07 1.07 1.07 1.07 1.07 1.07 1.07 1.07 1.07 1.07 1.07 1.07 1.07 1.07 1.07 1.07 1.07 1.07 1.07 1.07 1.07 1.07 1.07 1.07 1.07 1.07 1.07 1.07 1.07 1.07 1.07 1.07 1.07 1.07 1.07 1.07 1.07 1.07 1.07 1.07 1.07 1.07 1.07 1.07 1.07 1.07 1.07 1.07 1.07 1.07 1.07 1.07 1.07 1.07 1.07 1.07 1.07 1.07 1.07 1.07 1.07 1.07 1.07 1.07 1.07 1.07 1.07 1.07 1.07 1.07 1.07 1.07 1.07 1.07 1.07 1.07 1.07 1.07 1.07 1.07 1.07 1.07 1.07 1.07 1.07 1.07 1.07 1.07 1.07 1.07 1.07 1.07 1.07 1.07 1.07 1.07 1.07 1.07 1.07 1.07 1.07 1.07 1.07 1.07 1.07 1.07 1.07 1.07 1.07 1.07 1.07 1.07 1.07 1.07 1.07 1.07 1.07 1.07 1.07 1.07 1.07 1.07 1.07 1.07 1.07 1.07 1.07 1.07 1.07 1.07 1.07 1.07 1.07 1.07 1.07 1.07 1.07 1.07 1.07 1.07 1.07 1.07 1.07 1.07 1.07 1.07 1.07 1.07 1.07 1.07 1.07 1.07 1.07 1.07 1.07 1.07 1.07 1.07 1.07 1.07 1.07 1.07 1.07 1.07 1.07 1.07 1.07 1.07 1.07 1.07 1.07 1.07 1.07 1.07 1.07 1.07 1.07 1.07 1.07 1.07 1.07 1.07 1.07 1.07 1.07 1.07 1.07 1.07 1.07 1.07 1.07 1.07 1.07 1.07 1.07 1.07 1.07 1.07 1.07 1.07 1.07 1.07 1.07 1.07 1.07 1.07 1.07 1.07 1.07 1.07 1.07 1.07 1.07 1.07 1.07 1.07 1.07 1.07 1.07 1.07 1.07 1.07 1.07 1.07 1.07 1.07 1.07 1.07 1.07 1.07 1.07 1.07 1.07 1.07 1.07 1.07 1.07 1.07 1.07 1.07 1.07 1.07 1.07 1.07 1.07 1.07 1.07 1.07 1.07 1.07 1.07 1.07 1.07 1.07 1.07 1.07 1.07 1.07 1.07 1.07 1.07 1.07 1.07 1.07 1.07 1.07 1.07
LO
 2 2 5 2 2 0 0 5 4 5 2 4 1 4 2 0 5 2 2 0 1 4 2 3 4 2 1 5 5 4 2 0 4 4 3 1 3 5 5 0 0 4 5 3 3 0 0 0 1 4 5 4 0 3 2 0 1 2 2 5 4 0 2 3 2 2 3 1 4 2 2 3 5 2 1 4 5 5 0 4 5 3 3 3 3 2 1 1 4 4 0 5 3 1 5 1 0 0 0 5 0 5 2 4 5 0 4 4 5 1 1 0 3 5 1 2 5 3 1 3 5 0 5 0 3 1 3 4 4 3 5 4 4 4 2 3 1 0 3 3 0 5 1 1 3 0 2 0 1 3 1 4 2 5 4 3 5 5 1 3 4 4 0 1 1 2 2 1 4 4 3 5 5 5 0 1 5 5 1 0 5 0 5 4 5 2 4 2 0 4 2 0 3 2 3 2 0 5 0 3 2 1 0 2 3 5 1 4 4 0 4 5 4 2 3 1 2 5 3 4 4 5 2 1 2 4 3 3 4 5 1 5 1 3 0 2 5 3 4 3 5 2 5 5 0 1 2 4 3 0 0 0 0 3 3 1 5 0 5 4 4 2 5 5 5 0 4 1 3 0 5 0 2 0 5 3 1 3 1 2 4 4 2 2 1 4 4 2 5 3 5 4 1 0 0 3 4 3 3 3 5 4 5 5 0 3 3 0 4 2 0 2 3 5 1 3 2 3 1 2 5 4 0 1 4 4 3 3 5 2 5 2 4 4 1 2 4 5 1 0 5 4 3 0 4 5 3 0 5 2 3 0 3 4 1 5 5 0 3 4 1 4 4 2 1 3 1 3 2 3 1 4 0 4 5 3 1 0 5 5 0 3 2 0 2 0 2 5 4 5 2 0 0 3 5 1 3 4 5 5 5 3 0 1 0 2 4 2 4 3 4 5 2 4 0 4 2 5 5 4 0 2 0 4 5 2 3 3 0 0 5 3 3 3 3 3 2 4 4 3 4 2 0 3 4 4 2 2 1 3 5 3 1 2 0 4 5 4 3 2 1 1 2 5 0 1 0 5 1 3 0 2 3 4 2 1 3 1 0 3 4 5 1 5 2 0 1 4 4 3 5 3 0 4 5 1 2 2 2 0 4 3 5 3 4 4 4 2 0 4 5 5 3 0 1 4 4 0 2 3 1 2 1 3 0 5 2 1 4 4 2 2 4 3 3 4 5 5 1 3 3 2 4 0 1 0 1 4 3 5 2 2 4 1 5 4 3 0 5 5 2 1 2 0 0 3 4 4 3 1 4 4 4 2 3 5 0 5 4 0 0 3 0 0 1 4 1 3 4 1 5 4 1 0 0 5 2 1 5 1 2 1 1 2 4 5 4 4 0 2 1 4 3 1 4 0 0 1 5 0 2 1 3 0 5 0 5 3 1 5 2 0 2 5 2 2 2 5 1 3 1 3 1 2 5 5 0 3 5 4 2 0 4 0 3 5 3 1 2 3 5 4 3 1 5 1 4 5 3 1 1 1 1 5 2 0 1 0 4 2 5 2 0 0 3 2 1 2 3 5 2 4 5 4 3 0 4 0 4 4 5 5 3 4 1 3 4 1 0 5 2 0 4 5 2 3 2 3 5 5 0 0 5 3 5 0 3 2 2 3 2 3 5 1 5 4 5 4 2 4 1 2 4 0 0 4 1 3 2 1 0 3 2 3 3 4 0 5 3 5 4 2 1 0 1 4 3 4 2 2 3 2 1 1 4 0 5 0 5 3 0 1 3 4 5 1 5 2 2 4 3 1 3 0 1 2 1 0 5 0 4 4 0 1 3 0 5 2 0 0 0 0 3 5 2 4 3 0 1 4 2 5 4 2 1 4 3 2 2 4 2 2 5 5 1 2 5 3 3 2 3 5 1 0 0 2 1 1 3 0 4 2 2 1 0 4 0 5 4 5 2 5 3 0 4 4 0 4 4 1 4 3 2 1 3 2 4 3 1 3 1 4 5 1 5 0 4 0 2 4 2 0 5 3 0 1 1 2 2 3 4 4 1 0 1 3 5 5 1 5 1 3 0 4 0 0 0 4 5 5 2 4 1 5 2 0 4 0 3 3 0 4 4 2 3 4 4 0 5 0 0 1 3 4 1 3 4 1 2 3 0 1 3 1 2 2 2 1 1 0 5 2 2 2 4 1 4 3 0 4 3 1 3 5 3 4 0 4 4 3 0 1 0 2 3 2 0 2 2 4 5 3 5 0 2 3 3 0 0 5
D
 287 112 748 252 883 633 196 905 127 519 303 119 717 329 600 646 866 821 487 676 554 261 945 318 106 264 406 191 721 474 474 480 140 262 251 214 470 696 959 989 516 294 672 915 852 188 426 1000 770 350 873 732 881 487 500 772 562 718 916 851 215 520 464 692 330 104 708 378 502 112 553 689 290 266 843 418 441 291 926 609 918 152 282 780 953 135 386 821 325 145 940 788 203 243 597 868 136 363 191 470 941 430 366 206 346 353 232 423 651 771 845 763 863 866 955 762 749 328 106 632 962 404 420 965 982 753 957 191 582 749 720 583 558 139 721 303 873 581 866 726 860 618 838 898 983 533 172 227 598 606 327 380 269 896 803 784 486 984 529 783 730 670 874 709 756 147 898 469 266 232 741 971 386 287 641 763 109 844 399 382 743 544 898 984 316 346 587 226 157 467 106 594 511 502 862 736 235 559 183 995 213 381 775 292 882 375 146 486 492 591 501 483 979 954 644 243 810 972 993 150 261 120 295 519 788 613 870 674 708 809 517 537 163 609 399 912 204 222 261 544 185 859 501 586 642 443 100 778 267 937 442 754 596 122 608 753 649 657 999 753 207 710 251 621 932 338 163 794 796 402 455 444 590 391 893 435 765 868 923 176 206 604 668 932 279 596 815 562 981 532 812 809 382 907 631 219 997 907 193 210 489 614 575 382 243 314 774 195 847 354 754 475 355 944 447 868 806 580 125 504 438 697 775 196 518 690 958 252 744 275 198 604 565 869 863 395 135 221 487 926 240 298 935 687 775 184 660 427 700 425 723 567 987 565 588 565 148 908 507 303 296 193 507 919 996 215 555 358 676 634 621 303 124 532 102 306 397 603 255 793 927 368 982 153 169 427 643 442 975 926 810 727 197 874 718 287 370 184 369 830 602 412 151 701 486 975 633 572 997 324 567 701 1000 413 892 880 720 294 620 203 899 391 569 555 764 933 561 905 705 144 561 497 125 841 857 174 117 771 932 759 336 106 818 709 460 936 154 433 636 736 354 361 530 144 595 855 997 157 815 467 405 342 785 479 910 451 630 344 890 263 926 665 991 216 180 866 327 335 957 322 845 342 849 913 639 733 110 832 985 897 997 653 848 753 932 456 127 451 294 174 983 804 561 517 524 896 632 736 349 653 761 507 873 612 899 901 674 968 126 287 840 319 140 431 808 734 447 119 801 277 523 933 135 478 698 178 327 994 457 595 711 335 827 707 706 223 520 281 213 404 572 865 418 495 621 881 577 464 145 267 643 739 244 966 802 847 964 263 959 235 247 796 423 943 576 605 819 935 573 159 607 649 255 106 420 305 380 209 868 502 702 229 788 895 155 146 614 945 553 750 187 814 153 504 510 713 507 409 337 821 178 237 510 977 259 508 919 405 198 937 882 433 328 319 504 138 214 745 525 164 788 619 985 332 325 906 252 574 501 934 541 573 240 656 352 889 800 294 990 827 564 951 166 137 848 313 417 589 462 848 105 105 449 382 589 291 404 872 924 925 423 713 204 459 241 424 679 909 341 695 305 207 997 627 255 705 618 592 415 906 307 439 969 320 363 834 629 189 428 412 799 616 284 738 792 167 591 236 113 368 174 631 257 253 343 716 164 845 701 763 929 617 240 891 998 797 746 784 139 595 453 495 343 258 636 859 490 983 893 117 725 354 751 993 506 776 468 702 407 374 551 362 432 630 512 945 568 162 910 636 287 527 998 110 792 207 987 174 761 951 192 515 686 356 507 857 132 219 391 558 846 141 344 961 514 530 447 786 773 634 430 732 454 192 725 238 570 154 559 494 265 194 956 920 954 966 482 269 220 858 705 499 151 621 644 714 849 989 720 816 172 252 568 733 869 143 934 571 753 325 101 585 414 706 882 480 428 564 979 373 845 322 879 906 818 217 299 248 865 279 849 717 916 895 568 688 227 115 966 988 849 667 895 123 960 369 195 583 649 772 1000 223 962 958 817 212 798 391 687 952 578 443 590 409 503 256 791 735 476 233 464 942 891 456 936 387 631 706 674 460 160 218 839 211 573 733 997 157 247 235 366 844 655 619 110 709 403 224 127 366 543 131 914 272 198 381 622 562 721 397 894 779 814 308 225 986 918 487 283 634 339 323 900 222 740 323 488 469 341 388 575 562 863 146 248 911 315 852 509 720 485 168 977 210 736 544 834 316 972 188 711 953 358 482 391 397 275 415 860 336 113 186 341 363 742 408 533 148 443 686 755 683 612 955 237 635 446 177 461 422
OS
 1 1 0 0 1 0 1 0 1 0 1 1 0 1 0 1 1 1 0 1 1 1 1 0 0 0 1 0 0 1 0 0 0 1 0 1 0 0 0 0 1 1 0 0 0 1 1 1 1 1 1 0 1 0 1 1 1 0 1 0 0 0 0 0 1 1 1 1 0 0 0 1 0 0 1 0 0 1 0 0 0 1 0 1 1 1 1 0 1 1 0 1 1 0 1 1 1 0 1 0 1 1 0 0 0 1 1 0 0 1 1 1 1 1 1 1 0 0 0 0 0 1 1 0 1 1 0 0 0 0 1 1 0 0 0 1 0 1 1 0 1 0 0 1 0 1 1 0 1 1 0 0 1 0 1 1 0 1 1 1 1 0 0 1 0 0 0 0 1 1 0 0 0 1 1 1 0 1 0 1 0 1 1 0 0 0 1 0 1 1 0 0 0 0 1 0 1 1 1 1 0 1 0 0 1 1 1 1 1 1 0 1 0 1 1 1 1 1 1 0 1 1 1 0 1 1 0 0 0 0 1 0 0 1 0 0 1 1 0 0 1 1 0 1 0 0 1 1 1 1 0 1 0 1 0 0 0 1 1 0 0 1 0 0 1 0 1 0 0 0 0 1 0 0 0 0 0 1 0 0 0 1 1 1 1 1 0 1 1 1 0 0 1 1 0 1 1 1 1 0 0 1 0 0 1 1 0 0 0 1 0 0 1 1 0 0 0 0 0 1 1 0 1 0 0 0 1 1 1 0 1 1 1 1 0 0 1 1 0 1 1 0 0 0 0 0 1 0 0 0 0 0 0 0 0 0 0 1 0 0 1 1 0 1 0 1 1 0 1 0 0 0 0 0 1 0 1 1 0 1 0 0 0 1 1 1 0 1 0 1 1 1 1 1 0 0 0 0 1 0 0 1 1 0 1 0 0 1 1 0 0 1 0 0 0 0 0 1 1 1 1 1 0 1 0 1 1 0 1 0 1 0 0 0 1 1 1 1 1 0 1 0 1 0 1 1 0 1 0 1 0 1 0 0 0 1 1 1 0 0 0 0 1 1 0 1 1 0 0 0 0 1 1 1 0 1 0 1 0 0 1 1 1 1 1 0 1 1 0 0 1 1 1 0 0 1 0 1 0 0 0 0 1 1 1 0 1 1 1 0 0 0 0 0 0 0 0 0 0 1 0 1 1 0 1 1 0 0 0 0 1 0 1 0 0 1 1 0 0 0 1 0 0 1 1 0 0 1 0 0 1 0 1 0 0 0 1 0 1 0 1 1 0 0 0 1 1 1 0 0 0 0 1 0 0 1 0 1 1 1 1 1 1 1 0 1 0 1 0 0 0 0 1 1 0 0 0 1 0 1 0 0 1 0 0 0 0 0 1 1 1 0 0 0 0 0 1 0 1 1 1 0 0 1 0 0 1 1 1 0 0 0 1 0 0 1 0 1 1 1 1 1 1 0 0 1 0 1 1 1 0 1 1 0 0 1 1 0 1 0 1 1 0 1 0 1 1 1 0 1 0 1 1 0 1 1 0 0 0 0 0 0 1 1 0 1 1 0 1 1 0 0 0 1 0 1 1 0 0 0 0 0 1 0 0 0 1 0 0 0 0 0 0 1 1 1 1 1 1 1 0 0 0 1 0 0 0 1 1 1 1 0 1 0 0 0 0 0 1 1 1 0 1 0 1 0 0 0 1 0 1 0 0 0 0 0 0 1 0 1 0 0 1 0 0 1 0 1 1 1 1 1 1 1 1 1 1 1 0 1 0 0 1 0 1 0 1 1 0 0 1 0 0 1 0 0 1 1 0 0 1 0 1 1 1 1 0 0 1 1 0 1 0 1 1 0 0 1 0 0 1 0 0 0 0 1 0 1 0 0 1 1 1 0 1 1 1 0 1 1 1 0 0 0 1 1 1 1 1 1 0 0 1 1 0 0 0 0 0 1 1 0 0 1 1 1 1 1 1 0 1 1 1 0 1 0 0 1 0 1 0 0 0 0 0 1 0 0 1 1 0 1 1 1 1 0 0 1 1 1 0 1 1 0 0 1 1 1 1 1 1 1 0 1 0 0 1 1 1 1 0 1 1 1 1 0 1 0 1 0 1 1 1 0 1 0 1 1 1 1 1 1 1 0 1 0 1 0 0 1 1 1 1 1 1 1 1 0 1 1 1 0 1 1 0 0 1 0 1 1 1 0 0 0 1 1 0 0 1 1 1 0 0 0 1 0 1 0 0 1 1 1 1 1 1 0 1 1 1 1
F
 40320 60480 20160 20160 90720 30240 40320 40320 90720 10080 70560 90720 70560 20160 100800 40320 80640 40320 50400 40320 90720 10080 60480 30240 10080 20160 30240 30240 40320 90720 30240 90720 70560 30240 80640 30240 10080 60480 80640 100800 30240 90720 70560 20160 60480 30240 60480 60480 100800 100800 10080 10080 50400 10080 40320 30240 80640 100800 10080 30240 50400 70560 80640 60480 100800 90720 40320 60480 40320 90720 40320 40320 40320 50400 50400 20160 20160 40320 100800 60480 40320 20160 40320 50400 60480 10080 90720 20160 80640 10080 40320 50400 40320 10080 40320 50400 40320 10080 20160 90720 20160 60480 70560 80640 20160 80640 90720 40320 10080 50400 80640 60480 30240 50400 10080 10080 10080 90720 70560 60480 20160 50400 100800 20160 70560 50400 30240 40320 30240 90720 60480 70560 30240 10080 100800 20160 20160 20160 60480 80640 90720 90720 20160 90720 60480 90720 30240 100800 10080 90720 90720 30240 20160 20160 100800 30240 40320 30240 70560 30240 30240 90720 30240 100800 10080 30240 70560 60480 80640 60480 90720 20160 30240 100800 70560 20160 10080 80640 100800 50400 70560 50400 30240 90720 100800 50400 90720 60480 90720 50400 50400 30240 50400 20160 80640 70560 100800 70560 80640 20160 70560 50400 20160 10080 20160 60480 10080 90720 50400 60480 90720 30240 60480 30240 50400 20160 40320 70560 60480 30240 90720 60480 10080 70560 100800 50400 20160 100800 40320 90720 80640 80640 30240 30240 60480 90720 80640 70560 100800 50400 30240 90720 90720 10080 20160 50400 20160 100800 20160 60480 10080 70560 60480 100800 100800 70560 100800 80640 70560 20160 90720 30240 70560 30240 30240 60480 100800 60480 100800 90720 10080 50400 60480 10080 30240 50400 20160 100800 20160 70560 70560 10080 50400 30240 20160 80640 100800 80640 80640 90720 20160 100800 80640 80640 50400 70560 40320 50400 80640 10080 40320 20160 80640 30240 30240 10080 100800 40320 40320 80640 10080 30240 10080 90720 90720 100800 90720 50400 30240 40320 10080 30240 60480 50400 70560 20160 80640 30240 60480 10080 90720 30240 10080 100800 30240 80640 10080 60480 60480 60480 40320 90720 90720 10080 90720 60480 20160 20160 10080 20160 10080 90720 40320 10080 90720 40320 40320 10080 60480 10080 80640 20160 100800 50400 30240 60480 20160 40320 30240 80640 70560 80640 100800 70560 70560 10080 80640 20160 40320 40320 70560 20160 20160 30240 20160 50400 80640 60480 80640 100800 60480 70560 10080 20160 100800 80640 50400 30240 80640 70560 70560 30240 20160 100800 20160 90720 80640 100800 100800 60480 50400 40320 10080 60480 50400 50400 20160 80640 20160 40320 30240 20160 90720 80640 40320 40320 30240 50400 40320 80640 50400 30240 50400 40320 80640 10080 10080 80640 50400 60480 40320 30240 10080 30240 10080 60480 40320 10080 80640 70560 70560 90720 50400 70560 40320 60480 60480 90720 10080 30240 100800 100800 30240 80640 70560 100800 80640 10080 30240 80640 80640 100800 70560 70560 40320 30240 70560 60480 40320 80640 70560 40320 40320 20160 80640 30240 50400 60480 60480 20160 80640 50400 90720 20160 10080 60480 40320 60480 90720 40320 100800 60480 60480 40320 60480 40320 30240 90720 10080 10080 50400 60480 100800 40320 20160 10080 80640 50400 100800 30240 50400 30240 30240 80640 60480 40320 70560 70560 80640 20160 90720 50400 40320 100800 20160 40320 80640 10080 10080 100800 40320 20160 10080 50400 100800 50400 10080 80640 10080 90720 50400 90720 90720 40320 40320 20160 50400 10080 50400 70560 100800 80640 50400 80640 30240 60480 60480 100800 100800 70560 100800 90720 80640 30240 30240 30240 80640 90720 100800 60480 10080 30240 10080 100800 90720 60480 90720 20160 40320 50400 20160 40320 10080 50400 80640 30240 40320 10080 60480 20160 50400 50400 10080 30240 90720 60480 30240 10080 20160 80640 80640 50400 50400 40320 90720 60480 100800 80640 70560 40320 30240 60480 80640 60480 60480 100800 40320 10080 10080 70560 20160 80640 90720 90720 40320 10080 90720 50400 30240 30240 10080 80640 100800 90720 30240 50400 40320 90720 100800 70560 70560 70560 40320 50400 30240 10080 40320 70560 30240 30240 40320 90720 40320 20160 90720 10080 20160 20160 80640 30240 50400 40320 20160 30240 10080 40320 30240 80640 40320 30240 40320 70560 60480 70560 70560 60480 40320 70560 50400 30240 20160 70560 90720 90720 30240 20160 80640 80640 100800 50400 70560 90720 60480 40320 80640 40320 50400 70560 50400 90720 50400 80640 20160 40320 40320 90720 20160 40320 50400 60480 20160 20160 30240 90720 40320 50400 90720 80640 20160 70560 90720 10080 50400 90720 100800 90720 80640 20160 20160 20160 70560 50400 90720 80640 100800 50400 20160 60480 40320 30240 60480 90720 90720 60480 40320 100800 100800 20160 90720 20160 100800 10080 40320 70560 40320 50400 90720 70560 60480 50400 90720 10080 60480 20160 50400 50400 90720 50400 30240 90720 50400 90720 50400 60480 80640 30240 10080 60480 50400 50400 10080 80640 60480 60480 90720 20160 70560 60480 20160 30240 10080 30240 50400 30240 100800 30240 50400 20160 40320 80640 90720 50400 50400 80640 30240 60480 70560 30240 60480 90720 50400 60480 10080 40320 30240 60480 40320 20160 90720 100800 10080 30240 40320 70560 10080 90720 90720 70560 90720 60480 70560 40320 70560 10080 40320 60480 90720 40320 10080 40320 30240 100800 80640 90720 80640 20160 50400 50400 80640 60480 40320 70560 60480 40320 40320 60480 50400 100800 10080 80640 40320 70560 20160 40320 100800 80640 60480 100800 100800 60480 20160 90720 20160 10080 100800 70560 20160 30240 80640 60480 30240 60480 70560 50400 40320 30240 80640 50400 100800 30240 100800 60480 80640 60480 50400 50400 50400 50400 40320 10080 100800 30240 20160 30240 90720 70560 10080 40320 50400 70560 70560 100800 70560 90720 70560 40320 90720 100800 70560 40320 50400 70560 70560 50400 50400 90720 90720 90720 80640 10080 60480 20160 30240 80640 50400 30240 100800 20160 100800 70560 30240 70560 100800 20160 100800 90720 60480 60480 30240 30240 90720 50400 60480 30240 20160 60480 60480 50400 30240 70560 10080 30240 40320 50400 30240 70560 90720 10080 90720 40320 10080 60480 30240 40320 10080 90720 90720 30240 80640 50400 50400 80640 10080 30240 40320 80640 20160 50400 90720 60480
M
 11 9 16 8 15 11 10 9 16 13 14 8 12 15 16 12 12 10 9 16 11 15 15 15 9 13 16 9 9 15 10 16 13 9 10 9 10 14 9 10 13 9 8 10 11 15 13 8 14 8 13 8 14 9 11 12 15 12 13 14 15 11 14 16 10 16 16 15 16 13 8 11 16 15 16 13 9 14 11 10 12 10 10 16 13 10 10 9 14 14 11 16 12 14 9 16 16 8 13 13 12 15 16 14 13 8 9 12 10 10 8 14 12 8 16 12 10 12 10 15 16 10 8 9 16 15 14 11 14 10 10 8 16 9 15 15 15 8 13 8 12 16 15 14 12 9 12 8 10 11 9 8 15 14 9 13 10 11 16 16 15 10 12 16 12 11 14 15 11 15 11 14 15 10 12 15 11 13 8 12 13 14 9 16 14 14 12 14 10 9 9 12 8 12 16 11 13 11 15 8 16 10 14 10 16 13 16 16 13 14 11 14 13 14 11 8 16 14 8 11 13 13 15 15 15 16 9 16 15 13 14 10 15 12 13 13 12 12 10 9 9 9 13 8 10 15 8 14 11 10 15 16 9 10 14 14 12 9 16 11 11 11 16 11 10 10 10 11 16 11 15 12 11 14 13 11 16 15 10 15 8 11 11 12 9 14 9 14 10 10 15 14 8 15 9 16 14 11 10 16 10 16 14 11 13 13 14 16 16 11 11 16 11 8 10 14 8 15 13 8 10 13 14 11 8 10 10 8 12 10 12 16 8 11 14 12 8 8 10 14 16 12 12 12 12 14 16 16 9 14 14 11 15 14 12 16 13 12 9 15 9 8 11 11 13 16 10 10 10 10 16 12 14 16 8 13 14 10 11 10 11 14 16 11 10 16 15 16 11 12 16 13 10 13 14 10 11 8 10 10 16 13 14 14 16 11 9 13 16 11 9 15 8 14 8 9 8 13 13 15 11 11 8 14 15 9 8 15 14 8 13 15 16 9 16 10 15 16 14 13 14 13 11 11 13 10 9 15 11 15 15 16 13 15 12 11 13 10 16 13 10 14 9 15 14 10 13 13 10 11 13 12 15 9 14 10 16 12 13 16 11 14 9 13 13 9 16 9 9 10 9 11 8 14 9 9 12 16 8 11 11 12 14 12 16 12 11 14 10 12 10 12 13 9 14 14 9 12 12 13 14 10 13 11 9 15 8 13 10 12 11 8 15 8 15 10 11 12 9 11 8 8 13 12 16 11 16 16 9 8 13 15 9 14 16 11 14 9 13 15 8 10 11 15 16 12 9 16 15 9 12 10 9 13 14 14 12 11 13 12 10 14 9 8 11 16 9 14 10 16 16 15 8 15 10 16 16 14 9 13 14 11 10 11 16 16 12 10 16 8 16 14 16 11 16 14 16 10 11 9 8 13 15 16 16 16 15 13 13 11 8 11 8 11 13 12 10 11 15 15 14 10 15 15 8 16 9 16 15 9 12 11 10 11 14 15 10 16 11 13 12 13 13 9 9 13 14 9 8 12 14 15 14 9 15 10 15 9 13 13 8 15 8 10 12 8 16 9 13 10 11 15 14 14 9 11 14 10 13 13 14 16 8 9 8 8 12 15 8 13 13 16 11 10 11 11 14 13 12 12 16 14 10 13 13 12 13 9 14 9 11 16 8 14 10 10 15 15 12 8 9 10 9 9 14 13 16 12 13 8 10 8 10 14 14 13 8 11 8 16 13 14 11 9 10 10 10 9 14 10 10 12 9 13 14 10 8 14 13 10 10 9 9 14 12 13 10 14 15 13 16 13 10 12 13 8 16 12 15 12 14 9 11 8 11 14 12 13 12 10 12 14 14 10 8 10 9 12 10 15 11 9 8 16 8 16 13 16 14 16 14 13 10 9 12 15 8 13 15 13 8 15 14 8 8 8 11 8 12 11 11 14 15 10 13 14 12 15 9 15 8 9 13 14 8 16 8 15 16 14 10 16 16 9 8 11 9 12 15 16 14 16 11 15 13 8 13 14 14 10 15 9 10 9 14 14 13 15 13 13 10 16 10 11 9 8 10 14 12 16 10 12 15 14 16 11 16 12 11 16 13 10 11 11 16 16 15 14 9 16 9 11 11 16 13 12 11 12 13 15 14 16 12 13 16 10 14 8 12 11 9 10 12 10 12 14 13 12 16 8 13 12 15 13 8 8 8 8 13 13 11 16 9 16 16 14 12 15 11 10 10 16 16 15 13 14 13 14 14 11 9 11 11 15 15 16 10 13 8 12
