## - cloud resource specifications
numberOfClouds 
 3
packagename
 m3.medium m3.large m3.xlarge m3.2xlarge c3.large c3.xlarge c3.2xlarge c3.4xlarge c3.8xlarge r3.large r3.xlarge r3.2xlarge r3.4xlarge r3.8xlarge i2.xlarge i2.2xlarge i2.4xlarge i2.8xlarge n1-standard-1 n1-standard-2 n1-standard-4 n1-standard-8 n1-standard-16 n1-highcpu-2 n1-highcpu-4 n1-highcpu-8 n1-highcpu-16 n1-highmem-2 n1-highmem-4 n1-highmem-8 n1-highmem-16 A0 A1 A2 A3 A4 A5 A6 A7 D1 D2 D3 D4 D11 D12 D13 D14 A10 A11
package
 18 13 18
Gflops
 190 380 760 1520 426 852 1704 3408 6816 380 760 1520 3040 6080 760 1520 3040 6080 159 317 634 1268 2536 317 634 1268 2536 317 634 1268 2536 168 168 335 670 1340 670 1340 2680 335 670 1340 2680 670 1340 2680 5360 3040 6080
ram
 3.75 7.5 15 30 3.75 7.5 15 30 60 15.25 30.5 61 122 244 30.5 61 122 244 3.75 7.5 15 30 60 1.8 3.6 7.2 14.4 13 26 52 104 0.75 1.75 3.5 7.0 14.0 14.0 28.0 56.0 3.5 7.0 14.0 28.0 14.0 28.0 56.0 112.0 56.0 112.0
disk
 4.0 32.0 80.0 160.0 32.0 80.0 160.0 320.0 640.0 32.0 80.0 160.0 320.0 640.0 800.0 1600.0 3200.0 6400.0 100.0 250.0 500.0 750.0 1000.0 250.0 500.0 750.0 1000.0 250.0 500.0 750.0 1000.0 20.0 70.0 135.0 285.0 605.0 135.0 285.0 605.0 50.0 100.0 200.0 400.0 100.0 200.0 400.0 800.0 382.0 382.0
locationProvider
 7 3 8
locationID
 1 1 2 2 3 4 5 1 2 3 1 2 2 3 3 4 4 5
priceOS0
 0.07 0.14 0.28 0.56 0.105 0.21 0.42 0.84 1.68 0.175 0.35 0.7 1.4 2.8 0.853 1.705 3.41 6.82 0.077 0.154 0.308 0.616 0.12 0.239 0.478 0.956 1.912 0.195 0.39 0.78 1.56 3.12 0.938 1.876 3.751 7.502 0.077 0.154 0.308 0.616 0.12 0.239 0.478 0.956 1.912 0.195 0.39 0.78 1.56 3.12 0.938 1.876 3.751 7.502 0.083 0.166 0.332 0.665 0.129 0.258 0.516 1.032 2.064 0.21 0.421 0.842 1.684 3.369 1.013 2.026 4.051 8.102 0.098 0.196 0.392 0.784 0.132 0.265 0.529 1.058 2.117 0.21 0.42 0.84 1.68 3.36 1.018 2.035 4.07 8.14 0.101 0.203 0.405 0.81 0.128 0.255 0.511 1.021 2.043 0.21 0.42 0.84 1.68 3.36 1.001 2.001 4.002 8.004 0.098 0.196 0.392 0.784 0.132 0.265 0.529 1.058 2.117 0.21 0.42 0.84 1.68 3.36 1.018 2.035 4.07 8.14 0.122 0.255 0.510 1.521 2.924 0.275 0.550 1.601 3.084 0.237 0.474 1.449 2.780 0.126 0.263 0.526 1.553 2.988 0.285 0.570 1.641 3.164 0.243 0.486 1.473 2.828 0.126 0.263 0.526 1.553 2.988 0.285 0.570 1.641 3.164 0.243 0.486 1.473 2.828 0.02 0.06 0.12 0.24 0.48 0.25 0.5 1.0 0.094 0.188 0.376 0.752 0.238 0.476 0.857 1.542 1.16 2.08 0.02 0.06 0.12 0.24 0.48 0.248 0.496 0.992 0.094 0.188 0.376 0.752 0.238 0.476 0.857 1.542 1.33 2.39 0.02 0.06 0.12 0.24 0.48 0.27 0.54 1.08 0.115 0.23 0.46 0.92 0.273 0.546 0.983 1.769 1.33 2.39 0.02 0.06 0.12 0.24 0.48 0.294 0.588 1.176 0.138 0.276 0.552 1.104 0.295 0.59 1.062 1.912 1.51 2.7 0.02 0.06 0.12 0.24 0.48 0.27 0.54 1.08 0.12 0.24 0.48 0.96 0.256 0.512 0.922 1.659 1.33 2.39 0.024 0.081 0.162 0.324 0.648 0.281 0.562 1.124 0.142 0.284 0.568 1.136 0.295 0.59 1.062 1.912 1.51 2.7 0.021 0.073 0.146 0.292 0.584 0.258 0.516 1.032 0.123 0.246 0.492 0.984 0.256 0.512 0.922 1.659 1.33 2.39 0.029 0.071 0.142 0.284 0.568 0.278 0.556 1.112 0.12 0.239 0.478 0.956 0.256 0.512 0.922 1.66 1.33 2.39
priceOS1
 0.133 0.266 0.532 1.064 0.188 0.376 0.752 1.504 3.008 0.3 0.6 1.08 1.944 3.5 0.973 1.946 3.891 7.782 0.133 0.266 0.532 1.064 0.188 0.376 0.752 1.504 3.008 0.3 0.6 1.08 1.944 3.5 0.973 1.946 3.891 7.782 0.14 0.28 0.56 1.12 0.188 0.376 0.752 1.504 3.008 0.33 0.652 1.173 2.111 3.8 1.058 2.116 4.232 8.464 0.146 0.292 0.584 1.169 0.212 0.424 0.848 1.696 3.392 0.335 0.671 1.222 2.228 4.069 1.133 2.267 4.532 9.064 0.161 0.322 0.644 1.288 0.238 0.477 0.935 1.906 3.813 0.323 0.646 1.192 2.447 4.6 1.169 2.337 4.674 9.348 0.151 0.302 0.603 1.206 0.231 0.462 0.925 1.849 3.699 0.31 0.62 1.219 2.276 4.25 1.113 2.226 4.451 8.903 0.161 0.322 0.644 1.288 0.238 0.477 0.935 1.906 3.813 0.323 0.646 1.192 2.447 4.6 1.169 2.337 4.674 9.348 0.102 0.215 0.430 0.801 1.484 0.235 0.470 0.881 1.644 0.197 0.394 0.729 1.340 0.106 0.223 0.446 0.833 1.548 0.245 0.490 0.921 1.724 0.203 0.406 0.753 1.388 0.106 0.223 0.446 0.833 1.548 0.245 0.490 0.921 1.724 0.203 0.406 0.753 1.388 0.02 0.09 0.18 0.36 0.72 0.33 0.66 1.32 0.171 0.342 0.684 1.368 0.403 0.806 1.451 2.611 1.64 3.04 0.02 0.09 0.18 0.36 0.72 0.3 0.6 1.2 0.159 0.318 0.636 1.272 0.366 0.732 1.318 2.372 1.89 3.5 0.02 0.09 0.18 0.36 0.72 0.34 0.68 1.36 0.183 0.366 0.732 1.464 0.421 0.842 1.516 2.728 1.89 3.5 0.02 0.09 0.18 0.36 0.72 0.36 0.72 1.44 0.224 0.448 0.896 1.792 0.453 0.906 1.631 2.935 2.13 3.95 0.02 0.09 0.18 0.36 0.72 0.32 0.64 1.28 0.195 0.39 0.78 1.56 0.394 0.788 1.418 2.553 1.89 3.5 0.024 0.106 0.212 0.424 0.848 0.35 0.7 1.4 0.211 0.422 0.844 1.688 0.436 0.872 1.57 2.825 2.13 3.95 0.021 0.095 0.19 0.38 0.76 0.31 0.62 1.24 0.183 0.366 0.732 1.464 0.378 0.756 1.361 2.449 1.89 3.5 0.029 0.113 0.226 0.452 0.904 0.349 0.698 1.396 0.196 0.393 0.786 1.571 0.394 0.788 1.419 2.554 1.89 3.5
# - client 2 requirements:
N
1000
Tf
 2 4 4 4 2 4 3 3 4 4 5 5 3 3 5 4 5 3 2 2 2 4 5 4 4 2 5 4 4 5 2 4 4 2 2 5 5 5 2 5 2 5 2 2 2 2 2 4 5 4 4 4 5 5 4 4 4 5 4 4 4 4 3 4 5 2 3 4 2 3 3 2 3 5 3 3 2 5 5 4 3 2 5 3 2 5 3 3 5 5 3 4 2 3 4 5 4 5 4 4 3 5 5 4 4 4 3 4 3 5 5 4 4 3 3 2 3 4 2 4 4 2 4 5 5 5 2 5 3 4 5 3 5 2 2 2 3 5 4 3 2 4 2 2 4 2 3 4 4 2 2 4 3 4 5 5 2 4 2 4 4 3 3 3 3 4 5 4 3 2 4 3 4 5 3 2 4 3 2 4 4 2 5 2 2 2 2 4 3 2 4 2 4 4 5 4 2 4 3 3 2 2 2 3 3 2 3 4 4 5 5 5 2 5 5 2 5 5 5 5 5 5 2 2 2 4 4 3 4 2 5 5 3 2 5 5 3 4 2 5 5 2 5 4 2 2 2 3 2 5 4 2 4 4 5 2 3 5 3 5 3 4 2 5 5 5 4 2 5 2 4 5 4 3 3 3 3 3 4 5 3 4 4 5 2 4 3 2 3 5 2 4 2 5 3 3 3 3 5 5 2 2 5 3 2 4 2 2 5 4 3 5 3 2 5 2 3 2 5 4 2 3 3 4 3 4 2 2 4 5 3 4 2 4 2 5 3 4 2 3 2 2 5 2 4 2 3 3 4 2 3 5 5 3 4 2 3 3 4 3 3 5 2 4 5 4 3 5 4 3 2 3 2 4 4 5 5 5 5 2 2 3 4 4 5 4 4 5 5 5 2 2 5 2 5 3 2 3 3 5 2 5 5 4 4 2 2 5 5 3 5 4 5 4 5 2 4 5 5 5 2 2 2 5 4 4 3 3 5 5 4 5 5 5 2 4 3 3 3 4 5 4 2 4 5 4 2 2 4 5 5 2 5 2 4 5 2 4 2 3 3 5 4 2 2 2 2 5 2 4 4 2 2 4 4 5 5 3 3 5 4 4 4 3 3 2 5 3 2 4 3 2 3 3 2 5 5 5 3 4 5 3 4 5 4 4 4 2 5 5 3 5 3 3 3 5 3 5 5 4 2 3 3 5 2 3 3 2 4 3 2 3 2 5 5 5 5 5 4 3 2 2 3 2 5 2 5 2 4 5 4 3 5 3 3 3 2 3 3 3 3 5 5 2 5 2 3 5 3 4 3 4 3 3 5 3 2 4 2 3 3 3 4 2 3 4 2 4 3 4 3 4 4 2 3 3 3 5 4 4 5 3 2 5 4 3 4 5 4 5 4 2 4 4 5 5 2 5 2 2 5 5 4 4 5 5 3 5 2 4 5 3 5 3 2 4 4 2 2 3 3 2 5 3 5 4 4 3 4 3 5 5 2 2 4 5 4 5 3 3 2 2 2 4 4 2 4 4 2 2 5 3 5 5 3 4 2 4 4 4 5 3 3 5 4 5 5 2 4 5 4 5 5 4 5 2 4 4 5 3 4 4 3 4 4 3 2 3 3 4 5 5 4 3 2 5 2 2 3 3 3 3 3 4 2 5 2 4 3 2 5 2 5 4 2 2 2 5 5 3 2 4 3 2 5 4 2 4 5 3 2 5 4 4 2 2 2 5 4 4 4 2 3 3 5 5 3 3 2 3 2 4 4 5 4 2 2 3 3 5 5 2 4 3 3 3 4 2 4 3 5 2 5 4 4 3 3 2 4 2 2 4 3 5 2 4 5 3 4 3 3 5 5 2 5 5 2 4 4 4 5 4 2 5 5 2 3 2 4 2 4 5 3 5 4 2 2 4 3 2 3 5 3 4 4 5 5 3 5 5 3 2 3 5 3 5 2 5 4 3 2 2 5 3 4 3 2 2 4 3 3 5 3 5 3 4 5 2 3 3 5 3 5 2 3 3 2 2 2 4 4 3 4 3 3 3 3 4 2 4 5 5 5 4 2 5 3 3 3 5 4 4 5 3 2 4 2 2 5 3 2 5 2 3 5 5 3 5 5 4 2 2 2 3 4 3 3 2 3 2 5 4 3 3 5 5 3 5 4 4 4 2 2 4 3 3 2 3 5 2 2 5 3 2 2 3 3 3 2 2 3 5 2 4 3 3 3 4 4 3 2 5 5 2 4 2 4 4 4 5 4 4 2 3 3 3 5 5 4 5
C
 1.07 1.07 1.07 1.07 1.07 1.07 1.07 1.07 1.07 1.07 1.07 1.07 1.07 1.07 1.07 1.07 1.07 1.07 1.07 1.07 1.07 1.07 1.07 1.07 1.07 1.07 1.07 1.07 1.07 1.07 1.07 1.07 1.07 1.07 1.07 1.07 1.07 1.07 1.07 1.07 1.07 1.07 1.07 1.07 1.07 1.07 1.07 1.07 1.07 1.07 1.07 1.07 1.07 1.07 1.07 1.07 1.07 1.07 1.07 1.07 1.07 1.07 1.07 1.07 1.07 1.07 1.07 1.07 1.07 1.07 1.07 1.07 1.07 1.07 1.07 1.07 1.07 1.07 1.07 1.07 1.07 1.07 1.07 1.07 1.07 1.07 1.07 1.07 1.07 1.07 1.07 1.07 1.07 1.07 1.07 1.07 1.07 1.07 1.07 1.07 1.07 1.07 1.07 1.07 1.07 1.07 1.07 1.07 1.07 1.07 1.07 1.07 1.07 1.07 1.07 1.07 1.07 1.07 1.07 1.07 1.07 1.07 1.07 1.07 1.07 1.07 1.07 1.07 1.07 1.07 1.07 1.07 1.07 1.07 1.07 1.07 1.07 1.07 1.07 1.07 1.07 1.07 1.07 1.07 1.07 1.07 1.07 1.07 1.07 1.07 1.07 1.07 1.07 1.07 1.07 1.07 1.07 1.07 1.07 1.07 1.07 1.07 1.07 1.07 1.07 1.07 1.07 1.07 1.07 1.07 1.07 1.07 1.07 1.07 1.07 1.07 1.07 1.07 1.07 1.07 1.07 1.07 1.07 1.07 1.07 1.07 1.07 1.07 1.07 1.07 1.07 1.07 1.07 1.07 1.07 1.07 1.07 1.07 1.07 1.07 1.07 1.07 1.07 1.07 1.07 1.07 1.07 1.07 1.07 1.07 1.07 1.07 1.07 1.07 1.07 1.07 1.07 1.07 1.07 1.07 1.07 1.07 1.07 1.07 1.07 1.07 1.07 1.07 1.07 1.07 1.07 1.07 1.07 1.07 1.07 1.07 1.07 1.07 1.07 1.07 1.07 1.07 1.07 1.07 1.07 1.07 1.07 1.07 1.07 1.07 1.07 1.07 1.07 1.07 1.07 1.07 1.07 1.07 1.07 1.07 1.07 1.07 1.07 1.07 1.07 1.07 1.07 1.07 1.07 1.07 1.07 1.07 1.07 1.07 1.07 1.07 1.07 1.07 1.07 1.07 1.07 1.07 1.07 1.07 1.07 1.07 1.07 1.07 1.07 1.07 1.07 1.07 1.07 1.07 1.07 1.07 1.07 1.07 1.07 1.07 1.07 1.07 1.07 1.07 1.07 1.07 1.07 1.07 1.07 1.07 1.07 1.07 1.07 1.07 1.07 1.07 1.07 1.07 1.07 1.07 1.07 1.07 1.07 1.07 1.07 1.07 1.07 1.07 1.07 1.07 1.07 1.07 1.07 1.07 1.07 1.07 1.07 1.07 1.07 1.07 1.07 1.07 1.07 1.07 1.07 1.07 1.07 1.07 1.07 1.07 1.07 1.07 1.07 1.07 1.07 1.07 1.07 1.07 1.07 1.07 1.07 1.07 1.07 1.07 1.07 1.07 1.07 1.07 1.07 1.07 1.07 1.07 1.07 1.07 1.07 1.07 1.07 1.07 1.07 1.07 1.07 1.07 1.07 1.07 1.07 1.07 1.07 1.07 1.07 1.07 1.07 1.07 1.07 1.07 1.07 1.07 1.07 1.07 1.07 1.07 1.07 1.07 1.07 1.07 1.07 1.07 1.07 1.07 1.07 1.07 1.07 1.07 1.07 1.07 1.07 1.07 1.07 1.07 1.07 1.07 1.07 1.07 1.07 1.07 1.07 1.07 1.07 1.07 1.07 1.07 1.07 1.07 1.07 1.07 1.07 1.07 1.07 1.07 1.07 1.07 1.07 1.07 1.07 1.07 1.07 1.07 1.07 1.07 1.07 1.07 1.07 1.07 1.07 1.07 1.07 1.07 1.07 1.07 1.07 1.07 1.07 1.07 1.07 1.07 1.07 1.07 1.07 1.07 1.07 1.07 1.07 1.07 1.07 1.07 1.07 1.07 1.07 1.07 1.07 1.07 1.07 1.07 1.07 1.07 1.07 1.07 1.07 1.07 1.07 1.07 1.07 1.07 1.07 1.07 1.07 1.07 1.07 1.07 1.07 1.07 1.07 1.07 1.07 1.07 1.07 1.07 1.07 1.07 1.07 1.07 1.07 1.07 1.07 1.07 1.07 1.07 1.07 1.07 1.07 1.07 1.07 1.07 1.07 1.07 1.07 1.07 1.07 1.07 1.07 1.07 1.07 1.07 1.07 1.07 1.07 1.07 1.07 1.07 1.07 1.07 1.07 1.07 1.07 1.07 1.07 1.07 1.07 1.07 1.07 1.07 1.07 1.07 1.07 1.07 1.07 1.07 1.07 1.07 1.07 1.07 1.07 1.07 1.07 1.07 1.07 1.07 1.07 1.07 1.07 1.07 1.07 1.07 1.07 1.07 1.07 1.07 1.07 1.07 1.07 1.07 1.07 1.07 1.07 1.07 1.07 1.07 1.07 1.07 1.07 1.07 1.07 1.07 1.07 1.07 1.07 1.07 1.07 1.07 1.07 1.07 1.07 1.07 1.07 1.07 1.07 1.07 1.07 1.07 1.07 1.07 1.07 1.07 1.07 1.07 1.07 1.07 1.07 1.07 1.07 1.07 1.07 1.07 1.07 1.07 1.07 1.07 1.07 1.07 1.07 1.07 1.07 1.07 1.07 1.07 1.07 1.07 1.07 1.07 1.07 1.07 1.07 1.07 1.07 1.07 1.07 1.07 1.07 1.07 1.07 1.07 1.07 1.07 1.07 1.07 1.07 1.07 1.07 1.07 1.07 1.07 1.07 1.07 1.07 1.07 1.07 1.07 1.07 1.07 1.07 1.07 1.07 1.07 1.07 1.07 1.07 1.07 1.07 1.07 1.07 1.07 1.07 1.07 1.07 1.07 1.07 1.07 1.07 1.07 1.07 1.07 1.07 1.07 1.07 1.07 1.07 1.07 1.07 1.07 1.07 1.07 1.07 1.07 1.07 1.07 1.07 1.07 1.07 1.07 1.07 1.07 1.07 1.07 1.07 1.07 1.07 1.07 1.07 1.07 1.07 1.07 1.07 1.07 1.07 1.07 1.07 1.07 1.07 1.07 1.07 1.07 1.07 1.07 1.07 1.07 1.07 1.07 1.07 1.07 1.07 1.07 1.07 1.07 1.07 1.07 1.07 1.07 1.07 1.07 1.07 1.07 1.07 1.07 1.07 1.07 1.07 1.07 1.07 1.07 1.07 1.07 1.07 1.07 1.07 1.07 1.07 1.07 1.07 1.07 1.07 1.07 1.07 1.07 1.07 1.07 1.07 1.07 1.07 1.07 1.07 1.07 1.07 1.07 1.07 1.07 1.07 1.07 1.07 1.07 1.07 1.07 1.07 1.07 1.07 1.07 1.07 1.07 1.07 1.07 1.07 1.07 1.07 1.07 1.07 1.07 1.07 1.07 1.07 1.07 1.07 1.07 1.07 1.07 1.07 1.07 1.07 1.07 1.07 1.07 1.07 1.07 1.07 1.07 1.07 1.07 1.07 1.07 1.07 1.07 1.07 1.07 1.07 1.07 1.07 1.07 1.07 1.07 1.07 1.07 1.07 1.07 1.07 1.07 1.07 1.07 1.07 1.07 1.07 1.07 1.07 1.07 1.07 1.07 1.07 1.07 1.07 1.07 1.07 1.07 1.07 1.07 1.07 1.07 1.07 1.07 1.07 1.07 1.07 1.07 1.07 1.07 1.07 1.07 1.07 1.07 1.07 1.07 1.07 1.07 1.07 1.07 1.07 1.07 1.07 1.07 1.07 1.07 1.07 1.07 1.07 1.07 1.07 1.07 1.07 1.07 1.07 1.07 1.07 1.07 1.07 1.07 1.07 1.07 1.07 1.07 1.07 1.07 1.07 1.07 1.07 1.07 1.07 1.07 1.07 1.07 1.07 1.07 1.07 1.07 1.07 1.07 1.07 1.07 1.07 1.07 1.07 1.07 1.07 1.07 1.07 1.07 1.07 1.07 1.07 1.07 1.07 1.07 1.07 1.07 1.07 1.07 1.07 1.07 1.07 1.07 1.07 1.07 1.07 1.07 1.07 1.07 1.07 1.07 1.07 1.07 1.07 1.07 1.07 1.07 1.07 1.07 1.07 1.07 1.07 1.07 1.07 1.07 1.07 1.07 1.07 1.07 1.07 1.07 1.07 1.07 1.07 1.07 1.07 1.07 1.07 1.07 1.07 1.07 1.07 1.07 1.07 1.07 1.07 1.07 1.07 1.07 1.07 1.07 1.07 1.07 1.07 1.07 1.07 1.07 1.07 1.07
LO
 1 1 2 2 4 3 4 5 0 5 5 3 1 5 5 2 1 2 5 4 5 4 0 0 3 4 2 1 3 4 5 0 3 3 3 0 5 3 1 4 3 1 1 5 3 4 2 5 0 2 0 5 1 1 0 4 2 2 0 0 2 0 1 2 4 2 2 5 5 0 5 0 1 5 4 4 5 5 2 5 2 4 3 4 2 0 2 1 5 0 1 2 0 2 4 5 4 4 1 0 5 1 5 1 5 1 5 4 1 1 5 2 2 1 2 0 2 0 1 4 1 3 2 2 4 5 4 0 0 4 3 3 3 1 1 2 0 5 2 2 2 2 4 4 3 5 3 1 3 3 4 5 4 0 4 1 2 1 4 1 4 2 3 0 2 3 0 0 3 0 1 5 4 5 5 2 4 2 2 3 3 1 3 5 1 1 5 2 3 3 3 2 1 2 1 1 4 5 1 5 3 0 5 2 2 3 5 4 0 0 0 3 4 0 1 5 0 1 5 5 3 1 3 4 5 0 3 0 3 4 0 2 0 5 5 5 5 2 1 2 5 1 2 5 5 0 2 0 2 4 2 3 1 5 5 2 5 2 2 2 3 3 1 0 0 1 0 4 3 5 1 1 3 0 2 1 1 0 3 2 4 5 5 3 3 4 5 2 2 3 3 1 0 1 5 5 4 4 5 3 3 1 1 2 3 4 3 3 5 2 5 5 1 0 5 5 3 3 5 5 3 3 0 5 0 3 5 4 5 1 5 5 0 1 2 5 5 3 1 1 4 5 4 4 2 2 2 1 3 2 5 4 1 3 5 1 5 5 1 2 2 2 2 3 2 0 1 1 5 2 0 4 2 2 0 1 0 4 2 5 1 2 3 2 5 0 0 1 5 0 4 0 1 4 2 2 1 5 2 3 4 0 3 5 3 5 4 0 2 2 1 1 1 2 5 0 2 5 0 2 5 3 1 0 1 0 2 0 5 3 4 0 2 3 4 1 3 5 1 3 3 4 0 0 1 3 4 4 1 5 0 0 5 5 0 4 1 3 3 3 2 2 5 5 2 4 2 2 0 0 5 1 0 0 4 4 5 4 5 0 3 2 0 1 4 5 5 2 0 2 3 5 1 5 4 4 5 0 4 2 0 0 5 1 2 0 5 2 1 0 5 1 1 3 4 0 0 5 5 1 0 5 2 5 1 1 2 3 2 1 3 5 4 4 3 4 0 1 5 2 3 5 0 0 2 4 3 4 0 2 3 5 3 3 3 3 2 3 3 3 4 1 2 4 4 5 0 4 0 1 3 4 1 0 2 2 0 1 2 4 0 3 1 0 0 0 4 1 3 2 1 5 0 2 0 4 3 1 5 0 1 2 2 5 4 0 2 4 2 1 4 1 3 3 4 1 2 0 3 4 5 2 1 2 1 4 1 4 2 1 4 3 3 4 4 5 0 2 4 2 0 4 2 0 0 5 3 1 0 0 1 2 0 2 2 5 2 4 3 2 1 2 0 3 5 4 5 4 4 5 1 2 3 5 3 4 1 3 4 1 1 2 1 1 3 1 4 0 2 2 4 2 2 3 5 1 5 2 3 2 3 5 4 3 3 3 1 5 1 0 1 2 5 1 5 0 0 1 2 0 0 0 0 2 5 5 3 0 2 5 3 0 5 5 3 3 1 1 3 3 5 0 1 2 0 4 1 5 5 0 5 0 1 4 1 1 1 5 2 5 3 0 4 0 1 4 5 0 4 2 3 1 5 5 1 2 5 5 4 0 1 5 5 2 0 2 3 3 5 1 4 2 5 4 2 0 4 5 0 2 1 0 1 1 3 1 5 0 1 0 2 2 4 2 0 2 0 1 5 2 2 4 1 5 1 0 1 1 0 3 1 2 1 0 1 0 5 0 3 5 1 4 1 5 3 0 3 5 5 1 1 3 3 1 0 2 4 4 0 5 5 4 4 1 5 0 4 2 3 5 4 2 1 1 0 3 0 4 5 3 4 0 5 2 4 5 0 4 1 3 2 4 1 1 4 0 2 2 1 3 4 4 1 3 2 5 0 0 1 5 0 2 1 4 4 1 5 3 3 3 1 1 3 1 0 1 0 3 1 2 0 2 1 2 1 2 0 4 1 2 0 1 1 4 5 3 4 5 0 5 1 1 5 4 3 2 0 3 4 5 1 4 0 3 0 4 4 3 2 2 5 0 1 3 1 5 4 4 5 2 4 0 2 3 0 3 2 1 3 4 1 3 5 3 5 4 4 4 0 2
D
 566 932 990 249 370 285 839 317 767 222 527 223 556 772 324 209 741 976 812 354 415 492 127 694 451 222 794 470 230 337 111 375 463 463 783 330 216 686 515 119 610 176 262 576 416 691 630 684 465 320 313 850 551 229 542 641 828 179 139 373 123 327 275 899 295 453 301 695 520 734 905 770 958 569 744 335 924 525 544 631 137 251 251 258 878 830 482 808 512 146 841 709 765 970 618 553 990 367 523 203 951 985 148 778 982 292 479 750 834 648 627 638 920 554 925 799 750 136 960 783 307 344 896 468 997 187 895 727 775 752 818 263 442 892 370 749 283 960 877 468 209 663 578 279 230 738 582 671 787 357 977 988 553 835 441 228 896 191 414 166 854 806 921 504 451 377 412 515 863 524 758 268 325 715 970 380 428 846 807 449 550 458 180 292 544 489 705 474 103 775 509 721 240 287 655 560 546 624 592 488 941 840 828 906 330 199 373 141 591 505 206 746 365 485 160 146 442 128 135 683 523 913 719 279 866 412 389 695 102 212 129 968 370 293 397 352 842 374 145 212 108 681 986 361 720 510 117 168 874 182 652 646 244 253 420 814 925 696 450 434 441 958 888 557 939 615 502 920 987 164 406 957 360 960 778 964 444 126 156 842 203 398 325 120 229 235 475 662 885 791 339 223 156 713 232 354 544 907 451 800 598 992 676 336 839 129 109 927 238 343 445 985 580 691 350 176 435 879 984 971 159 957 525 812 483 661 354 627 248 746 163 586 645 891 711 178 232 694 534 726 493 939 518 200 581 127 550 140 284 807 914 906 118 628 148 276 883 765 429 572 131 986 448 810 100 940 888 715 969 796 634 519 265 212 144 334 538 666 163 414 561 168 384 414 789 422 284 116 145 442 453 476 193 431 954 957 984 976 986 447 102 258 743 909 122 698 618 481 429 924 396 647 397 743 949 759 277 735 416 929 600 256 497 319 581 747 298 595 802 459 625 199 782 644 146 952 174 171 429 323 264 691 530 721 743 264 746 900 773 790 171 271 768 143 539 840 561 294 730 793 983 573 810 826 156 221 253 574 141 327 677 897 863 595 586 128 534 764 520 940 791 558 303 772 116 773 839 982 112 738 287 431 615 400 504 873 535 359 877 520 624 438 615 210 480 784 270 771 562 290 330 542 600 143 169 929 937 231 446 232 532 157 887 928 164 940 637 501 324 541 399 720 128 586 875 685 859 776 871 897 642 444 506 783 757 830 189 666 747 137 492 359 528 426 913 441 998 184 130 878 105 573 419 376 466 991 730 915 132 732 125 623 848 316 836 990 370 910 537 983 407 783 504 590 283 236 721 689 489 245 236 817 768 425 190 685 108 394 288 522 514 886 834 663 884 538 953 231 748 663 537 971 366 912 982 349 686 827 762 556 945 137 950 878 315 703 938 262 437 737 386 951 483 899 160 331 801 324 181 956 647 311 642 580 307 306 228 489 386 113 317 789 288 613 869 252 118 400 297 105 534 715 772 502 233 964 778 182 166 720 383 204 567 223 316 194 132 733 724 695 284 387 841 910 770 957 875 164 216 997 487 979 968 402 497 620 622 156 298 300 975 256 440 386 406 719 880 552 161 990 751 796 750 537 627 614 955 923 436 676 487 665 934 410 328 477 213 359 986 128 125 837 269 724 351 990 760 507 381 645 234 202 982 937 863 920 970 277 314 941 735 425 483 181 117 425 750 197 349 663 350 310 127 897 989 204 287 595 299 105 301 806 168 940 495 268 307 882 969 237 897 262 145 227 293 178 769 487 493 776 620 113 506 909 117 271 768 167 528 194 669 316 710 745 299 747 567 775 582 193 205 393 316 562 689 655 703 783 904 873 584 927 210 155 196 104 940 412 140 429 556 930 906 292 348 970 656 336 298 337 149 360 581 706 409 912 871 755 166 994 182 272 651 786 164 324 443 810 394 473 462 920 863 437 232 241 765 396 865 187 303 835 305 856 722 776 620 287 393 930 381 480 239 500 414 425 500 849 700 558 133 671 194 671 886 401 892 406 963 290 748 864 318 383 809 584 339 935 734 123 229 100 286 161 796 326 542 137 376 333 756 839 513 417 116 293 568 722 458 830 621 216 177 196 419 300 506 623 459 939 958 957 798 604 427 745 877 360 485 994 814 557 331 179 143 187 892 170 451 375 674 344 729 356 202 164 334 713 310 762 709 731 534 289 603 754 880 352 914 913 776 574 276 299 270 965 126 540 269 332 880 818 105 877 759 579 756 701 824 401
OS
 0 0 1 1 1 1 1 1 1 0 1 0 0 1 1 1 0 1 0 0 1 1 0 0 0 0 1 1 0 1 0 0 1 1 0 1 1 0 0 0 0 0 1 1 0 1 0 0 1 1 0 1 1 0 0 1 1 0 0 0 1 1 1 1 1 1 0 1 1 0 1 1 0 1 0 0 1 0 0 1 0 1 1 1 0 0 1 1 1 1 1 1 0 0 0 1 0 0 0 0 1 1 0 1 0 1 1 1 0 1 1 0 0 0 1 1 1 0 0 1 1 1 0 0 1 1 0 0 1 0 0 1 0 1 0 0 1 0 0 0 1 1 0 0 1 1 1 0 0 1 0 1 0 0 1 0 1 0 0 1 1 1 1 0 1 0 0 0 0 0 1 0 0 1 1 0 1 1 0 0 0 1 0 1 0 0 0 1 0 1 1 0 0 0 1 0 1 1 1 1 1 1 0 1 0 1 0 0 1 1 0 0 1 1 1 0 0 0 0 0 1 1 1 1 0 1 1 1 1 1 1 1 1 0 1 0 0 0 1 1 0 1 1 1 0 0 0 1 0 0 1 1 0 0 1 0 0 1 1 0 0 0 1 0 1 0 1 1 1 0 0 1 0 0 0 1 1 0 1 0 1 0 0 0 1 0 1 0 0 1 0 0 0 1 0 1 1 1 1 1 0 1 0 1 1 0 1 1 1 1 1 0 1 1 0 0 1 0 1 1 0 1 1 0 0 1 0 1 1 1 0 1 1 1 0 0 0 0 1 1 1 0 1 0 1 0 0 0 0 1 1 1 0 1 0 1 1 1 1 0 1 1 0 1 1 1 1 1 1 0 1 0 0 1 0 0 0 0 1 1 1 0 1 0 1 0 1 1 0 0 0 1 1 0 0 1 0 0 0 1 1 1 0 1 1 1 1 1 1 0 0 0 1 0 1 0 0 1 1 1 0 1 0 1 1 1 1 0 0 0 1 1 1 1 1 0 1 1 0 1 0 0 1 1 0 1 0 0 1 0 0 0 0 0 0 0 1 1 1 0 1 1 0 1 1 0 0 0 0 0 1 0 0 0 0 0 1 1 0 0 1 1 1 1 1 0 1 0 0 1 1 0 0 1 1 1 0 1 1 1 0 1 1 0 0 1 1 0 1 0 0 1 0 1 0 1 0 1 1 0 0 1 0 0 1 1 0 1 0 0 1 1 1 1 1 1 0 0 1 0 0 1 1 0 1 1 1 0 0 0 0 0 1 1 1 1 0 1 0 1 0 0 1 1 1 0 0 0 0 0 1 1 1 0 1 1 1 1 0 1 0 0 0 1 0 1 1 0 1 1 1 0 1 1 1 1 0 0 0 0 1 1 1 1 0 1 1 1 1 1 1 1 0 1 1 1 1 1 0 1 0 1 0 1 0 0 0 0 0 1 1 0 1 0 1 1 1 0 0 1 1 1 1 1 1 1 1 0 0 1 1 0 1 1 0 1 1 1 0 0 1 0 1 0 0 0 1 1 0 0 0 1 1 1 0 0 1 1 1 0 0 1 0 1 1 1 1 1 0 1 0 1 0 1 1 0 1 1 1 1 0 1 1 0 1 0 0 0 1 0 0 0 0 0 0 1 1 0 1 1 0 1 1 1 1 1 0 0 0 1 1 0 0 1 1 1 0 1 0 0 0 0 0 0 1 1 1 1 0 0 1 0 1 0 0 1 0 1 0 1 0 0 1 0 0 0 0 1 0 0 0 0 0 1 0 1 1 1 0 1 1 1 0 0 1 0 1 0 1 1 0 1 1 0 0 1 1 0 0 1 1 0 1 0 1 1 0 1 0 0 0 0 0 0 1 1 0 0 0 0 0 0 1 1 1 1 1 1 1 0 0 1 1 1 1 0 0 0 0 1 1 1 0 1 1 1 1 0 0 1 0 0 0 1 0 0 0 0 0 1 1 0 1 0 1 0 0 1 1 1 0 1 1 0 1 1 1 1 1 1 1 0 1 1 0 0 0 1 1 0 0 1 1 1 1 0 1 1 1 0 1 1 0 0 1 1 0 1 0 0 0 1 0 0 1 0 1 0 0 1 1 1 1 0 0 0 1 1 0 1 1 1 0 1 0 0 0 0 0 0 1 0 1 0 0 0 1 1 0 0 1 1 1 0 1 1 0 0 0 0 1 1 0 1 0 1 0 0 0 1 1 1 0 1 1 1 1 0 1 1 1 0 0 1 0 1 1 0 1 0 0 1 0 0 1 0 1 1 0 1
F
 80640 10080 100800 50400 20160 90720 30240 90720 50400 30240 30240 60480 60480 60480 50400 100800 10080 70560 80640 90720 30240 80640 100800 90720 100800 80640 100800 60480 100800 70560 50400 40320 90720 30240 20160 10080 60480 20160 80640 20160 90720 40320 80640 60480 30240 30240 60480 100800 60480 10080 50400 10080 30240 20160 50400 80640 50400 60480 10080 80640 60480 30240 70560 30240 60480 100800 90720 20160 80640 40320 30240 10080 70560 90720 60480 20160 20160 50400 10080 90720 60480 60480 20160 90720 70560 20160 40320 20160 80640 70560 60480 60480 100800 30240 30240 60480 90720 60480 50400 80640 70560 80640 50400 40320 70560 30240 20160 100800 80640 40320 10080 50400 70560 80640 100800 60480 70560 30240 100800 50400 60480 100800 20160 100800 20160 90720 60480 40320 70560 100800 90720 50400 10080 80640 30240 40320 40320 30240 100800 60480 100800 40320 40320 60480 10080 20160 10080 80640 30240 20160 20160 80640 30240 20160 90720 40320 10080 70560 30240 80640 90720 30240 50400 70560 80640 70560 20160 20160 70560 70560 90720 40320 100800 40320 70560 20160 40320 20160 10080 50400 50400 70560 100800 100800 80640 80640 100800 50400 50400 70560 80640 20160 70560 60480 10080 80640 70560 30240 90720 40320 100800 100800 80640 90720 40320 70560 60480 40320 60480 10080 40320 30240 20160 30240 70560 100800 60480 30240 30240 90720 100800 70560 70560 60480 80640 80640 90720 40320 40320 50400 20160 20160 60480 80640 90720 80640 100800 90720 30240 50400 50400 40320 40320 100800 50400 100800 20160 40320 30240 20160 60480 60480 10080 70560 70560 70560 90720 100800 40320 30240 80640 30240 100800 10080 70560 40320 80640 40320 70560 70560 60480 80640 70560 20160 20160 60480 60480 60480 30240 60480 20160 20160 60480 30240 20160 20160 20160 80640 90720 50400 60480 90720 30240 20160 60480 40320 40320 80640 80640 60480 40320 30240 10080 70560 80640 50400 80640 40320 90720 90720 70560 30240 100800 20160 100800 50400 10080 80640 30240 80640 40320 60480 50400 80640 10080 80640 90720 30240 90720 70560 70560 30240 80640 60480 50400 40320 40320 60480 100800 80640 20160 30240 20160 30240 10080 30240 60480 60480 70560 20160 10080 70560 20160 20160 10080 60480 70560 70560 40320 30240 20160 90720 70560 70560 70560 20160 20160 80640 20160 20160 80640 80640 90720 100800 10080 10080 60480 60480 90720 100800 40320 10080 80640 30240 70560 40320 80640 100800 100800 50400 80640 80640 50400 30240 100800 50400 90720 80640 90720 40320 60480 40320 80640 90720 70560 80640 40320 60480 20160 40320 80640 20160 40320 30240 50400 10080 20160 70560 30240 100800 10080 100800 20160 100800 10080 90720 100800 30240 100800 80640 90720 50400 60480 10080 80640 100800 60480 10080 50400 60480 60480 60480 10080 80640 90720 70560 80640 60480 30240 30240 90720 10080 10080 80640 40320 50400 10080 80640 70560 10080 60480 40320 60480 30240 10080 40320 30240 90720 40320 70560 70560 20160 100800 20160 30240 60480 60480 80640 50400 100800 40320 90720 100800 70560 50400 30240 90720 70560 40320 50400 40320 60480 20160 60480 10080 80640 20160 60480 90720 40320 80640 80640 80640 20160 100800 90720 20160 10080 40320 20160 70560 80640 100800 30240 50400 80640 60480 50400 80640 40320 20160 30240 50400 60480 90720 80640 60480 70560 100800 100800 60480 30240 40320 40320 10080 50400 40320 10080 70560 40320 20160 10080 50400 80640 20160 60480 10080 10080 20160 60480 70560 60480 40320 10080 20160 100800 30240 40320 30240 90720 50400 90720 90720 10080 70560 50400 40320 40320 70560 70560 20160 30240 60480 50400 50400 60480 10080 40320 60480 40320 70560 90720 70560 10080 10080 20160 70560 20160 60480 100800 80640 60480 60480 100800 30240 70560 50400 70560 30240 70560 10080 50400 90720 80640 50400 80640 60480 60480 50400 100800 30240 100800 80640 100800 50400 50400 90720 70560 60480 100800 40320 40320 50400 20160 40320 80640 40320 10080 80640 100800 40320 80640 100800 80640 70560 100800 20160 50400 90720 100800 10080 20160 40320 50400 20160 60480 60480 90720 80640 40320 100800 50400 90720 80640 30240 100800 70560 80640 30240 50400 20160 70560 40320 80640 90720 30240 20160 90720 70560 90720 50400 60480 60480 100800 60480 90720 50400 90720 70560 30240 90720 60480 90720 20160 20160 40320 80640 10080 60480 70560 100800 20160 30240 40320 50400 60480 10080 10080 40320 40320 60480 20160 90720 70560 40320 90720 20160 70560 80640 100800 70560 100800 60480 50400 10080 30240 90720 40320 10080 50400 100800 70560 90720 20160 60480 40320 100800 40320 70560 70560 50400 100800 90720 10080 40320 20160 100800 100800 70560 40320 40320 10080 30240 50400 50400 80640 20160 60480 60480 30240 30240 90720 90720 10080 90720 90720 20160 40320 100800 30240 20160 80640 50400 20160 60480 70560 100800 80640 90720 20160 70560 20160 100800 50400 70560 40320 20160 90720 80640 100800 20160 10080 50400 100800 60480 50400 60480 30240 30240 20160 100800 10080 60480 30240 20160 90720 20160 80640 100800 70560 60480 100800 70560 10080 60480 10080 80640 70560 90720 50400 90720 50400 10080 50400 80640 40320 60480 60480 70560 80640 90720 30240 100800 40320 70560 50400 40320 100800 80640 10080 50400 70560 50400 30240 30240 80640 80640 10080 30240 10080 80640 20160 10080 60480 20160 20160 20160 10080 10080 100800 30240 60480 100800 100800 10080 40320 60480 10080 100800 100800 40320 80640 80640 20160 60480 60480 50400 70560 40320 60480 50400 90720 60480 90720 10080 30240 90720 80640 20160 80640 40320 60480 90720 30240 80640 50400 20160 100800 40320 100800 20160 40320 10080 70560 60480 70560 60480 50400 70560 90720 10080 10080 90720 10080 40320 80640 90720 100800 40320 40320 30240 40320 60480 10080 20160 90720 40320 100800 80640 70560 40320 10080 60480 30240 40320 10080 90720 70560 70560 20160 50400 90720 90720 100800 50400 40320 20160 20160 50400 40320 10080 70560 100800 70560 60480 80640 20160 80640 80640 90720 100800 40320 50400 100800 30240 10080 60480 100800 80640 70560 90720 40320 100800 20160 100800 70560 60480 30240 50400 100800 40320 100800 80640 90720 40320 20160 40320 30240 40320 80640 90720 20160 30240 20160 30240 70560 100800 70560 70560 10080 40320 60480 100800 60480 40320 10080 10080 50400 10080 20160
M
 16 8 11 14 8 9 15 9 14 14 8 8 10 14 15 16 11 12 11 9 11 16 13 13 12 8 13 13 15 14 10 12 11 14 8 16 8 15 14 14 14 9 15 15 8 12 12 15 8 11 11 16 13 10 13 12 14 16 14 10 12 10 16 12 15 10 11 8 10 12 16 8 12 12 9 11 12 9 15 11 12 14 13 9 10 14 14 13 13 14 15 11 10 16 11 10 13 12 16 11 8 9 11 14 12 9 12 12 11 15 12 15 13 11 11 16 8 11 13 12 12 14 8 14 11 11 8 13 16 10 10 16 8 15 13 9 10 11 12 11 8 12 11 16 16 15 16 15 10 16 14 10 9 13 11 11 14 15 12 11 13 9 13 11 16 8 11 15 9 12 11 11 14 10 12 10 16 10 15 15 16 16 14 15 8 10 11 16 16 10 15 9 14 13 9 11 8 8 13 10 9 14 10 12 16 8 13 14 14 10 8 8 10 11 15 11 13 9 16 15 13 13 11 16 12 14 14 13 8 15 11 15 13 12 10 15 12 15 15 10 16 11 12 15 12 14 9 12 13 10 13 12 14 11 12 16 14 12 10 14 8 12 9 16 8 8 11 10 8 12 9 10 15 10 16 10 8 8 15 13 8 15 11 9 8 14 13 11 14 12 9 9 11 12 15 15 8 14 12 11 15 8 15 8 11 8 16 11 8 14 8 10 10 10 13 15 15 11 13 13 13 16 13 15 16 15 13 10 14 8 8 11 13 11 12 13 8 14 13 9 14 10 11 9 16 16 16 14 11 15 10 16 8 14 13 11 9 13 12 11 15 13 9 15 14 16 11 14 10 12 15 10 9 11 10 16 12 9 11 15 10 12 9 12 14 14 13 9 9 8 8 13 9 12 14 12 13 11 13 9 15 16 8 10 15 12 8 15 10 11 11 13 15 12 11 13 11 16 9 8 16 9 12 8 8 13 9 15 8 8 13 8 13 11 16 12 10 12 13 16 15 8 13 15 13 8 12 14 10 14 13 9 14 14 11 12 16 10 8 13 13 8 8 12 13 11 11 12 13 10 10 11 11 16 9 13 13 12 14 13 11 10 13 11 10 15 14 12 12 15 11 8 9 8 11 11 15 13 13 15 12 14 9 14 13 12 12 11 15 8 11 16 9 15 13 16 10 11 13 10 9 14 13 14 13 11 13 16 11 9 14 16 10 16 11 12 10 14 16 15 13 8 14 12 15 9 11 15 11 13 16 14 8 8 14 9 9 16 10 9 8 8 13 8 15 14 15 16 16 16 11 16 13 10 13 9 11 8 12 9 13 15 16 9 10 12 10 10 15 10 13 14 12 11 8 13 15 15 11 12 14 13 12 11 14 12 10 16 13 9 15 10 10 16 16 8 8 16 11 16 9 9 11 15 8 9 15 15 16 16 16 10 11 12 9 8 14 12 11 10 11 10 10 13 16 9 11 13 11 15 11 16 8 16 9 9 8 11 16 10 16 8 13 15 9 9 16 12 16 11 15 10 11 15 12 11 11 11 12 9 8 12 8 14 16 11 11 15 12 8 14 12 16 16 9 14 15 9 15 16 16 9 9 15 8 10 13 8 10 14 8 8 8 11 11 10 15 13 14 16 11 16 11 16 12 15 14 11 8 10 9 14 13 10 11 9 13 12 15 8 13 11 11 15 9 9 10 8 16 15 8 14 9 14 14 16 15 14 14 11 13 11 8 9 16 15 15 15 8 10 15 10 13 9 10 16 12 14 14 9 11 11 8 9 11 12 10 9 11 13 11 9 11 8 9 10 15 11 9 9 9 14 10 14 16 13 15 16 11 14 10 12 16 14 9 9 9 10 12 9 10 12 13 9 10 12 10 9 12 11 8 10 11 13 15 13 13 11 13 9 14 9 12 14 15 8 16 13 10 14 11 11 15 15 14 12 12 14 11 8 16 8 8 8 16 10 11 16 16 16 13 10 8 15 16 14 16 15 11 11 16 11 16 9 16 15 13 14 8 13 8 15 13 8 12 13 11 11 15 15 10 12 12 8 14 11 11 15 13 9 16 13 15 15 9 12 15 14 8 9 12 9 10 12 12 13 13 9 13 9 10 12 12 13 12 12 16 10 10 9 15 10 10 10 14 15 10 16 12 16 16 8 10 14 10 16 9 10 13 15 11 14 8 16 13 12 8 13 15 9 13 10 13 12 13 9 14 9 16 12 11 13 16 12 9 15 11 10 8 9 12 12 12 13 15 16 14 11 8 12
