## - cloud resource specifications
numberOfClouds 
 3
packagename
 m3.medium m3.large m3.xlarge m3.2xlarge c3.large c3.xlarge c3.2xlarge c3.4xlarge c3.8xlarge r3.large r3.xlarge r3.2xlarge r3.4xlarge r3.8xlarge i2.xlarge i2.2xlarge i2.4xlarge i2.8xlarge n1-standard-1 n1-standard-2 n1-standard-4 n1-standard-8 n1-standard-16 n1-highcpu-2 n1-highcpu-4 n1-highcpu-8 n1-highcpu-16 n1-highmem-2 n1-highmem-4 n1-highmem-8 n1-highmem-16 A0 A1 A2 A3 A4 A5 A6 A7 D1 D2 D3 D4 D11 D12 D13 D14 A10 A11
package
 18 13 18
Gflops
 190 380 760 1520 426 852 1704 3408 6816 380 760 1520 3040 6080 760 1520 3040 6080 159 317 634 1268 2536 317 634 1268 2536 317 634 1268 2536 168 168 335 670 1340 670 1340 2680 335 670 1340 2680 670 1340 2680 5360 3040 6080
ram
 3.75 7.5 15 30 3.75 7.5 15 30 60 15.25 30.5 61 122 244 30.5 61 122 244 3.75 7.5 15 30 60 1.8 3.6 7.2 14.4 13 26 52 104 0.75 1.75 3.5 7.0 14.0 14.0 28.0 56.0 3.5 7.0 14.0 28.0 14.0 28.0 56.0 112.0 56.0 112.0
disk
 4.0 32.0 80.0 160.0 32.0 80.0 160.0 320.0 640.0 32.0 80.0 160.0 320.0 640.0 800.0 1600.0 3200.0 6400.0 100.0 250.0 500.0 750.0 1000.0 250.0 500.0 750.0 1000.0 250.0 500.0 750.0 1000.0 20.0 70.0 135.0 285.0 605.0 135.0 285.0 605.0 50.0 100.0 200.0 400.0 100.0 200.0 400.0 800.0 382.0 382.0
locationProvider
 7 3 8
locationID
 1 1 2 2 3 4 5 1 2 3 1 2 2 3 3 4 4 5
priceOS0
 0.07 0.14 0.28 0.56 0.105 0.21 0.42 0.84 1.68 0.175 0.35 0.7 1.4 2.8 0.853 1.705 3.41 6.82 0.077 0.154 0.308 0.616 0.12 0.239 0.478 0.956 1.912 0.195 0.39 0.78 1.56 3.12 0.938 1.876 3.751 7.502 0.077 0.154 0.308 0.616 0.12 0.239 0.478 0.956 1.912 0.195 0.39 0.78 1.56 3.12 0.938 1.876 3.751 7.502 0.083 0.166 0.332 0.665 0.129 0.258 0.516 1.032 2.064 0.21 0.421 0.842 1.684 3.369 1.013 2.026 4.051 8.102 0.098 0.196 0.392 0.784 0.132 0.265 0.529 1.058 2.117 0.21 0.42 0.84 1.68 3.36 1.018 2.035 4.07 8.14 0.101 0.203 0.405 0.81 0.128 0.255 0.511 1.021 2.043 0.21 0.42 0.84 1.68 3.36 1.001 2.001 4.002 8.004 0.098 0.196 0.392 0.784 0.132 0.265 0.529 1.058 2.117 0.21 0.42 0.84 1.68 3.36 1.018 2.035 4.07 8.14 0.122 0.255 0.510 1.521 2.924 0.275 0.550 1.601 3.084 0.237 0.474 1.449 2.780 0.126 0.263 0.526 1.553 2.988 0.285 0.570 1.641 3.164 0.243 0.486 1.473 2.828 0.126 0.263 0.526 1.553 2.988 0.285 0.570 1.641 3.164 0.243 0.486 1.473 2.828 0.02 0.06 0.12 0.24 0.48 0.25 0.5 1.0 0.094 0.188 0.376 0.752 0.238 0.476 0.857 1.542 1.16 2.08 0.02 0.06 0.12 0.24 0.48 0.248 0.496 0.992 0.094 0.188 0.376 0.752 0.238 0.476 0.857 1.542 1.33 2.39 0.02 0.06 0.12 0.24 0.48 0.27 0.54 1.08 0.115 0.23 0.46 0.92 0.273 0.546 0.983 1.769 1.33 2.39 0.02 0.06 0.12 0.24 0.48 0.294 0.588 1.176 0.138 0.276 0.552 1.104 0.295 0.59 1.062 1.912 1.51 2.7 0.02 0.06 0.12 0.24 0.48 0.27 0.54 1.08 0.12 0.24 0.48 0.96 0.256 0.512 0.922 1.659 1.33 2.39 0.024 0.081 0.162 0.324 0.648 0.281 0.562 1.124 0.142 0.284 0.568 1.136 0.295 0.59 1.062 1.912 1.51 2.7 0.021 0.073 0.146 0.292 0.584 0.258 0.516 1.032 0.123 0.246 0.492 0.984 0.256 0.512 0.922 1.659 1.33 2.39 0.029 0.071 0.142 0.284 0.568 0.278 0.556 1.112 0.12 0.239 0.478 0.956 0.256 0.512 0.922 1.66 1.33 2.39
priceOS1
 0.133 0.266 0.532 1.064 0.188 0.376 0.752 1.504 3.008 0.3 0.6 1.08 1.944 3.5 0.973 1.946 3.891 7.782 0.133 0.266 0.532 1.064 0.188 0.376 0.752 1.504 3.008 0.3 0.6 1.08 1.944 3.5 0.973 1.946 3.891 7.782 0.14 0.28 0.56 1.12 0.188 0.376 0.752 1.504 3.008 0.33 0.652 1.173 2.111 3.8 1.058 2.116 4.232 8.464 0.146 0.292 0.584 1.169 0.212 0.424 0.848 1.696 3.392 0.335 0.671 1.222 2.228 4.069 1.133 2.267 4.532 9.064 0.161 0.322 0.644 1.288 0.238 0.477 0.935 1.906 3.813 0.323 0.646 1.192 2.447 4.6 1.169 2.337 4.674 9.348 0.151 0.302 0.603 1.206 0.231 0.462 0.925 1.849 3.699 0.31 0.62 1.219 2.276 4.25 1.113 2.226 4.451 8.903 0.161 0.322 0.644 1.288 0.238 0.477 0.935 1.906 3.813 0.323 0.646 1.192 2.447 4.6 1.169 2.337 4.674 9.348 0.102 0.215 0.430 0.801 1.484 0.235 0.470 0.881 1.644 0.197 0.394 0.729 1.340 0.106 0.223 0.446 0.833 1.548 0.245 0.490 0.921 1.724 0.203 0.406 0.753 1.388 0.106 0.223 0.446 0.833 1.548 0.245 0.490 0.921 1.724 0.203 0.406 0.753 1.388 0.02 0.09 0.18 0.36 0.72 0.33 0.66 1.32 0.171 0.342 0.684 1.368 0.403 0.806 1.451 2.611 1.64 3.04 0.02 0.09 0.18 0.36 0.72 0.3 0.6 1.2 0.159 0.318 0.636 1.272 0.366 0.732 1.318 2.372 1.89 3.5 0.02 0.09 0.18 0.36 0.72 0.34 0.68 1.36 0.183 0.366 0.732 1.464 0.421 0.842 1.516 2.728 1.89 3.5 0.02 0.09 0.18 0.36 0.72 0.36 0.72 1.44 0.224 0.448 0.896 1.792 0.453 0.906 1.631 2.935 2.13 3.95 0.02 0.09 0.18 0.36 0.72 0.32 0.64 1.28 0.195 0.39 0.78 1.56 0.394 0.788 1.418 2.553 1.89 3.5 0.024 0.106 0.212 0.424 0.848 0.35 0.7 1.4 0.211 0.422 0.844 1.688 0.436 0.872 1.57 2.825 2.13 3.95 0.021 0.095 0.19 0.38 0.76 0.31 0.62 1.24 0.183 0.366 0.732 1.464 0.378 0.756 1.361 2.449 1.89 3.5 0.029 0.113 0.226 0.452 0.904 0.349 0.698 1.396 0.196 0.393 0.786 1.571 0.394 0.788 1.419 2.554 1.89 3.5
# - client 2 requirements:
N
250
Tf
 3 3 5 2 5 4 3 2 4 2 5 2 4 4 3 2 5 3 4 4 2 5 2 3 3 5 5 5 3 3 2 5 3 5 2 2 5 3 3 3 3 2 4 2 4 3 5 3 4 2 2 3 3 3 3 5 3 3 5 3 3 2 3 3 3 5 5 2 2 4 2 2 4 3 2 2 3 4 5 4 2 5 5 5 3 2 2 3 4 2 3 2 5 3 3 3 5 3 5 2 3 3 4 4 3 3 2 2 5 5 5 4 5 3 2 2 2 2 2 2 2 4 5 3 3 3 3 5 3 5 2 5 3 4 4 2 3 3 2 5 2 4 4 4 3 5 3 5 2 5 3 4 4 4 2 5 5 3 2 3 4 4 2 2 4 2 3 5 3 2 2 2 3 3 4 2 3 2 4 5 5 5 4 5 2 3 4 3 4 2 2 2 2 5 5 3 5 2 4 4 3 4 2 5 3 2 4 4 4 5 4 4 4 4 2 2 4 5 5 2 5 5 5 2 4 4 3 2 4 2 3 5 5 4 2 2 3 2 3 4 4 5 5 3 2 4 5 5 4 2
C
 1.07 1.07 1.07 1.07 1.07 1.07 1.07 1.07 1.07 1.07 1.07 1.07 1.07 1.07 1.07 1.07 1.07 1.07 1.07 1.07 1.07 1.07 1.07 1.07 1.07 1.07 1.07 1.07 1.07 1.07 1.07 1.07 1.07 1.07 1.07 1.07 1.07 1.07 1.07 1.07 1.07 1.07 1.07 1.07 1.07 1.07 1.07 1.07 1.07 1.07 1.07 1.07 1.07 1.07 1.07 1.07 1.07 1.07 1.07 1.07 1.07 1.07 1.07 1.07 1.07 1.07 1.07 1.07 1.07 1.07 1.07 1.07 1.07 1.07 1.07 1.07 1.07 1.07 1.07 1.07 1.07 1.07 1.07 1.07 1.07 1.07 1.07 1.07 1.07 1.07 1.07 1.07 1.07 1.07 1.07 1.07 1.07 1.07 1.07 1.07 1.07 1.07 1.07 1.07 1.07 1.07 1.07 1.07 1.07 1.07 1.07 1.07 1.07 1.07 1.07 1.07 1.07 1.07 1.07 1.07 1.07 1.07 1.07 1.07 1.07 1.07 1.07 1.07 1.07 1.07 1.07 1.07 1.07 1.07 1.07 1.07 1.07 1.07 1.07 1.07 1.07 1.07 1.07 1.07 1.07 1.07 1.07 1.07 1.07 1.07 1.07 1.07 1.07 1.07 1.07 1.07 1.07 1.07 1.07 1.07 1.07 1.07 1.07 1.07 1.07 1.07 1.07 1.07 1.07 1.07 1.07 1.07 1.07 1.07 1.07 1.07 1.07 1.07 1.07 1.07 1.07 1.07 1.07 1.07 1.07 1.07 1.07 1.07 1.07 1.07 1.07 1.07 1.07 1.07 1.07 1.07 1.07 1.07 1.07 1.07 1.07 1.07 1.07 1.07 1.07 1.07 1.07 1.07 1.07 1.07 1.07 1.07 1.07 1.07 1.07 1.07 1.07 1.07 1.07 1.07 1.07 1.07 1.07 1.07 1.07 1.07 1.07 1.07 1.07 1.07 1.07 1.07 1.07 1.07 1.07 1.07 1.07 1.07 1.07 1.07 1.07 1.07 1.07 1.07 1.07 1.07 1.07 1.07 1.07 1.07
LO
 0 0 1 2 4 4 2 4 3 0 3 3 4 3 1 0 1 0 5 1 0 5 0 2 2 4 2 2 3 0 4 1 3 0 2 5 1 5 1 1 2 0 1 0 1 2 3 4 1 5 4 3 0 5 5 4 4 2 4 5 5 2 3 4 5 5 0 5 4 0 2 4 0 0 3 0 2 5 5 2 0 4 4 2 1 5 3 5 4 1 2 5 4 3 5 1 0 3 5 0 1 4 2 4 1 0 5 3 1 1 5 4 3 5 5 1 5 2 2 2 1 5 2 5 1 1 1 2 3 4 2 3 1 2 0 1 1 0 2 0 1 5 2 4 0 1 4 1 2 0 5 5 5 3 1 1 3 5 4 5 0 5 1 5 3 0 3 2 0 1 2 5 3 1 2 3 3 1 3 2 1 2 2 0 0 3 1 0 0 4 3 3 1 3 3 3 2 1 0 2 0 4 5 3 3 2 3 5 5 4 5 1 3 4 4 3 5 3 0 0 0 0 5 0 1 1 0 2 2 2 5 5 1 2 3 3 2 3 4 0 0 4 4 0 2 3 3 0 3 2
D
 512 331 918 937 492 394 796 979 790 435 478 419 497 839 986 442 816 415 571 289 143 942 452 295 142 617 298 416 620 944 497 568 111 970 577 328 418 557 298 669 538 856 362 690 488 478 616 538 922 759 959 472 311 952 637 273 112 891 770 600 481 854 155 502 740 300 479 990 107 982 721 108 834 712 343 895 669 748 199 935 798 804 563 469 612 251 774 519 186 671 383 672 209 236 541 693 285 793 434 413 906 684 473 937 879 164 840 342 344 959 391 217 616 964 525 829 941 228 400 803 483 580 228 743 862 357 754 667 592 754 253 771 783 356 878 552 815 645 237 878 306 612 481 683 488 403 316 946 509 775 288 653 402 331 903 288 797 554 538 531 304 391 107 378 563 933 737 894 596 321 768 131 846 276 633 865 110 972 403 184 636 365 643 259 347 854 471 275 388 745 109 774 594 834 370 764 186 908 176 833 578 731 861 903 201 847 714 396 903 346 332 316 707 458 588 762 460 955 904 818 453 953 327 702 655 613 508 821 616 831 845 371 738 268 322 946 357 293 232 375 760 781 518 294 529 419 831 566 322 508
OS
 1 0 1 0 0 1 1 0 1 1 0 1 0 1 0 0 1 0 0 1 0 1 1 1 1 1 1 0 0 1 0 0 1 0 0 0 1 0 1 0 0 0 1 0 1 1 1 0 1 0 1 0 1 0 0 0 0 0 0 1 0 0 0 1 1 1 0 0 0 1 1 0 1 0 0 0 0 1 0 1 1 0 1 1 0 1 1 0 0 1 1 0 0 1 1 0 1 1 0 1 1 1 0 0 1 0 1 0 0 1 1 0 0 0 0 1 0 0 0 1 1 1 1 1 1 1 1 1 1 1 1 1 1 1 0 1 1 0 1 0 1 0 0 0 1 0 0 1 0 0 0 1 0 0 0 0 0 1 1 1 1 0 1 1 1 0 1 0 1 0 1 0 1 0 0 0 1 0 0 1 1 1 0 1 0 1 1 0 1 0 1 0 0 0 0 1 0 0 1 0 1 0 0 1 0 0 1 1 0 0 1 1 0 0 1 1 0 0 0 1 0 0 1 0 1 1 1 0 1 1 1 0 0 0 1 1 0 0 0 0 1 1 0 1 1 1 1 0 1 0
F
 50400 90720 20160 80640 70560 20160 70560 100800 10080 90720 80640 20160 70560 40320 60480 100800 50400 10080 80640 100800 30240 20160 90720 80640 80640 30240 100800 50400 80640 60480 80640 70560 20160 50400 50400 100800 50400 20160 20160 50400 100800 50400 90720 50400 70560 20160 20160 100800 20160 60480 40320 10080 40320 60480 70560 100800 70560 90720 90720 10080 80640 10080 20160 30240 90720 20160 80640 10080 20160 70560 30240 40320 50400 10080 60480 100800 40320 50400 30240 90720 50400 30240 70560 50400 50400 10080 60480 50400 50400 40320 40320 100800 20160 60480 30240 70560 100800 100800 50400 40320 40320 80640 90720 30240 60480 40320 80640 100800 10080 20160 70560 60480 90720 80640 40320 90720 20160 50400 30240 70560 90720 70560 100800 40320 90720 50400 100800 20160 40320 70560 100800 100800 100800 50400 50400 80640 80640 80640 70560 80640 80640 20160 10080 50400 60480 50400 40320 100800 90720 100800 10080 60480 70560 90720 30240 70560 50400 20160 60480 70560 10080 50400 20160 90720 30240 70560 70560 90720 60480 50400 30240 80640 10080 50400 90720 20160 40320 100800 90720 70560 90720 100800 100800 80640 40320 10080 50400 10080 20160 50400 80640 50400 70560 60480 50400 60480 90720 70560 10080 30240 20160 10080 30240 70560 10080 10080 60480 90720 20160 80640 40320 70560 40320 90720 70560 70560 70560 60480 60480 60480 60480 40320 30240 10080 70560 10080 100800 60480 40320 10080 30240 40320 80640 30240 70560 60480 70560 10080 80640 100800 50400 100800 50400 90720 90720 70560 100800 100800 10080 80640
M
 10 8 11 16 16 13 15 13 13 15 15 10 12 13 9 15 16 11 11 14 12 8 13 9 11 13 13 10 16 8 10 14 9 9 14 13 9 12 12 15 11 12 8 16 15 10 8 10 10 11 13 11 12 15 15 16 14 11 10 9 12 12 16 14 11 15 14 8 8 8 8 11 9 10 16 10 16 9 8 16 15 14 10 8 14 16 14 16 16 8 13 8 8 12 15 10 10 8 11 14 8 14 14 15 11 8 10 12 16 16 13 13 14 9 8 13 9 8 16 15 12 16 8 14 16 8 13 10 14 16 13 15 16 16 11 8 15 10 9 10 15 11 10 8 11 9 13 12 14 16 9 16 8 15 11 13 10 11 13 10 9 11 16 14 8 14 13 9 11 9 11 12 13 8 16 13 12 8 14 11 16 13 14 13 13 9 12 9 12 16 9 13 8 13 16 14 16 16 15 9 16 15 15 15 11 10 12 8 16 11 9 13 11 12 13 11 11 11 9 8 15 11 12 8 11 12 14 15 16 11 15 11 14 13 16 16 10 10 8 12 16 12 14 9 14 10 15 9 16 16
