## - cloud resource specifications
numberOfClouds 
 3
packagename
 m3.medium m3.large m3.xlarge m3.2xlarge c3.large c3.xlarge c3.2xlarge c3.4xlarge c3.8xlarge r3.large r3.xlarge r3.2xlarge r3.4xlarge r3.8xlarge i2.xlarge i2.2xlarge i2.4xlarge i2.8xlarge n1-standard-1 n1-standard-2 n1-standard-4 n1-standard-8 n1-standard-16 n1-highcpu-2 n1-highcpu-4 n1-highcpu-8 n1-highcpu-16 n1-highmem-2 n1-highmem-4 n1-highmem-8 n1-highmem-16 A0 A1 A2 A3 A4 A5 A6 A7 D1 D2 D3 D4 D11 D12 D13 D14 A10 A11
package
 18 13 18
Gflops
 190 380 760 1520 426 852 1704 3408 6816 380 760 1520 3040 6080 760 1520 3040 6080 159 317 634 1268 2536 317 634 1268 2536 317 634 1268 2536 168 168 335 670 1340 670 1340 2680 335 670 1340 2680 670 1340 2680 5360 3040 6080
ram
 3.75 7.5 15 30 3.75 7.5 15 30 60 15.25 30.5 61 122 244 30.5 61 122 244 3.75 7.5 15 30 60 1.8 3.6 7.2 14.4 13 26 52 104 0.75 1.75 3.5 7.0 14.0 14.0 28.0 56.0 3.5 7.0 14.0 28.0 14.0 28.0 56.0 112.0 56.0 112.0
disk
 4.0 32.0 80.0 160.0 32.0 80.0 160.0 320.0 640.0 32.0 80.0 160.0 320.0 640.0 800.0 1600.0 3200.0 6400.0 100.0 250.0 500.0 750.0 1000.0 250.0 500.0 750.0 1000.0 250.0 500.0 750.0 1000.0 20.0 70.0 135.0 285.0 605.0 135.0 285.0 605.0 50.0 100.0 200.0 400.0 100.0 200.0 400.0 800.0 382.0 382.0
locationProvider
 7 3 8
locationID
 1 1 2 2 3 4 5 1 2 3 1 2 2 3 3 4 4 5
priceOS0
 0.07 0.14 0.28 0.56 0.105 0.21 0.42 0.84 1.68 0.175 0.35 0.7 1.4 2.8 0.853 1.705 3.41 6.82 0.077 0.154 0.308 0.616 0.12 0.239 0.478 0.956 1.912 0.195 0.39 0.78 1.56 3.12 0.938 1.876 3.751 7.502 0.077 0.154 0.308 0.616 0.12 0.239 0.478 0.956 1.912 0.195 0.39 0.78 1.56 3.12 0.938 1.876 3.751 7.502 0.083 0.166 0.332 0.665 0.129 0.258 0.516 1.032 2.064 0.21 0.421 0.842 1.684 3.369 1.013 2.026 4.051 8.102 0.098 0.196 0.392 0.784 0.132 0.265 0.529 1.058 2.117 0.21 0.42 0.84 1.68 3.36 1.018 2.035 4.07 8.14 0.101 0.203 0.405 0.81 0.128 0.255 0.511 1.021 2.043 0.21 0.42 0.84 1.68 3.36 1.001 2.001 4.002 8.004 0.098 0.196 0.392 0.784 0.132 0.265 0.529 1.058 2.117 0.21 0.42 0.84 1.68 3.36 1.018 2.035 4.07 8.14 0.122 0.255 0.510 1.521 2.924 0.275 0.550 1.601 3.084 0.237 0.474 1.449 2.780 0.126 0.263 0.526 1.553 2.988 0.285 0.570 1.641 3.164 0.243 0.486 1.473 2.828 0.126 0.263 0.526 1.553 2.988 0.285 0.570 1.641 3.164 0.243 0.486 1.473 2.828 0.02 0.06 0.12 0.24 0.48 0.25 0.5 1.0 0.094 0.188 0.376 0.752 0.238 0.476 0.857 1.542 1.16 2.08 0.02 0.06 0.12 0.24 0.48 0.248 0.496 0.992 0.094 0.188 0.376 0.752 0.238 0.476 0.857 1.542 1.33 2.39 0.02 0.06 0.12 0.24 0.48 0.27 0.54 1.08 0.115 0.23 0.46 0.92 0.273 0.546 0.983 1.769 1.33 2.39 0.02 0.06 0.12 0.24 0.48 0.294 0.588 1.176 0.138 0.276 0.552 1.104 0.295 0.59 1.062 1.912 1.51 2.7 0.02 0.06 0.12 0.24 0.48 0.27 0.54 1.08 0.12 0.24 0.48 0.96 0.256 0.512 0.922 1.659 1.33 2.39 0.024 0.081 0.162 0.324 0.648 0.281 0.562 1.124 0.142 0.284 0.568 1.136 0.295 0.59 1.062 1.912 1.51 2.7 0.021 0.073 0.146 0.292 0.584 0.258 0.516 1.032 0.123 0.246 0.492 0.984 0.256 0.512 0.922 1.659 1.33 2.39 0.029 0.071 0.142 0.284 0.568 0.278 0.556 1.112 0.12 0.239 0.478 0.956 0.256 0.512 0.922 1.66 1.33 2.39
priceOS1
 0.133 0.266 0.532 1.064 0.188 0.376 0.752 1.504 3.008 0.3 0.6 1.08 1.944 3.5 0.973 1.946 3.891 7.782 0.133 0.266 0.532 1.064 0.188 0.376 0.752 1.504 3.008 0.3 0.6 1.08 1.944 3.5 0.973 1.946 3.891 7.782 0.14 0.28 0.56 1.12 0.188 0.376 0.752 1.504 3.008 0.33 0.652 1.173 2.111 3.8 1.058 2.116 4.232 8.464 0.146 0.292 0.584 1.169 0.212 0.424 0.848 1.696 3.392 0.335 0.671 1.222 2.228 4.069 1.133 2.267 4.532 9.064 0.161 0.322 0.644 1.288 0.238 0.477 0.935 1.906 3.813 0.323 0.646 1.192 2.447 4.6 1.169 2.337 4.674 9.348 0.151 0.302 0.603 1.206 0.231 0.462 0.925 1.849 3.699 0.31 0.62 1.219 2.276 4.25 1.113 2.226 4.451 8.903 0.161 0.322 0.644 1.288 0.238 0.477 0.935 1.906 3.813 0.323 0.646 1.192 2.447 4.6 1.169 2.337 4.674 9.348 0.102 0.215 0.430 0.801 1.484 0.235 0.470 0.881 1.644 0.197 0.394 0.729 1.340 0.106 0.223 0.446 0.833 1.548 0.245 0.490 0.921 1.724 0.203 0.406 0.753 1.388 0.106 0.223 0.446 0.833 1.548 0.245 0.490 0.921 1.724 0.203 0.406 0.753 1.388 0.02 0.09 0.18 0.36 0.72 0.33 0.66 1.32 0.171 0.342 0.684 1.368 0.403 0.806 1.451 2.611 1.64 3.04 0.02 0.09 0.18 0.36 0.72 0.3 0.6 1.2 0.159 0.318 0.636 1.272 0.366 0.732 1.318 2.372 1.89 3.5 0.02 0.09 0.18 0.36 0.72 0.34 0.68 1.36 0.183 0.366 0.732 1.464 0.421 0.842 1.516 2.728 1.89 3.5 0.02 0.09 0.18 0.36 0.72 0.36 0.72 1.44 0.224 0.448 0.896 1.792 0.453 0.906 1.631 2.935 2.13 3.95 0.02 0.09 0.18 0.36 0.72 0.32 0.64 1.28 0.195 0.39 0.78 1.56 0.394 0.788 1.418 2.553 1.89 3.5 0.024 0.106 0.212 0.424 0.848 0.35 0.7 1.4 0.211 0.422 0.844 1.688 0.436 0.872 1.57 2.825 2.13 3.95 0.021 0.095 0.19 0.38 0.76 0.31 0.62 1.24 0.183 0.366 0.732 1.464 0.378 0.756 1.361 2.449 1.89 3.5 0.029 0.113 0.226 0.452 0.904 0.349 0.698 1.396 0.196 0.393 0.786 1.571 0.394 0.788 1.419 2.554 1.89 3.5
# - client 2 requirements:
N
500
Tf
 5 4 5 4 2 5 5 2 2 3 2 3 3 5 2 5 5 2 3 3 3 3 3 3 3 3 2 3 3 2 2 5 3 4 2 3 3 5 5 3 4 2 4 2 4 2 4 3 3 3 3 5 2 3 4 2 5 4 2 2 4 5 5 4 4 3 2 2 2 3 4 4 5 2 3 2 2 5 5 3 2 3 5 5 2 2 2 4 2 4 3 4 5 3 4 3 2 3 4 4 5 4 4 2 3 2 3 2 2 4 5 3 5 4 3 5 3 4 4 2 4 5 4 3 2 4 4 4 5 3 2 2 5 2 4 3 5 5 3 4 3 2 3 5 4 4 2 5 4 3 4 3 4 2 2 4 4 4 3 2 2 2 3 5 4 5 2 4 3 5 3 5 3 2 3 3 4 4 2 3 2 3 2 4 2 2 4 2 3 4 5 5 4 4 2 2 2 2 5 3 2 5 2 5 4 2 5 4 3 3 2 2 5 3 4 4 5 5 2 4 4 5 4 4 2 5 5 3 3 4 4 3 4 2 2 4 3 2 5 5 3 5 4 3 3 2 2 4 4 2 5 4 4 2 5 3 3 2 5 2 5 3 2 3 3 3 3 5 5 5 4 4 3 2 4 5 5 4 4 3 4 3 4 4 2 5 3 5 5 2 4 5 3 2 4 4 4 4 2 5 2 4 3 4 3 2 5 4 4 4 4 5 2 2 4 5 2 2 2 4 4 4 3 5 4 2 3 4 3 2 5 3 2 3 5 2 4 2 3 4 2 2 5 2 5 4 4 5 2 2 3 5 4 5 4 5 5 3 5 4 3 3 5 4 4 4 4 5 2 5 2 2 4 2 4 3 4 3 2 5 2 5 2 5 3 3 3 4 5 5 4 4 4 5 4 2 4 3 3 4 3 4 4 2 3 5 4 3 2 2 4 4 3 2 5 5 2 4 2 3 3 3 3 4 5 5 5 4 5 2 3 3 4 5 3 3 2 5 5 4 5 2 3 5 4 5 3 3 3 2 5 3 5 2 4 2 5 3 4 5 2 5 5 5 3 2 4 2 2 4 5 5 5 4 3 3 3 3 5 2 2 5 2 3 4 4 4 5 2 3 2 4 3 5 3 2 2 4 2 3
C
 1.07 1.07 1.07 1.07 1.07 1.07 1.07 1.07 1.07 1.07 1.07 1.07 1.07 1.07 1.07 1.07 1.07 1.07 1.07 1.07 1.07 1.07 1.07 1.07 1.07 1.07 1.07 1.07 1.07 1.07 1.07 1.07 1.07 1.07 1.07 1.07 1.07 1.07 1.07 1.07 1.07 1.07 1.07 1.07 1.07 1.07 1.07 1.07 1.07 1.07 1.07 1.07 1.07 1.07 1.07 1.07 1.07 1.07 1.07 1.07 1.07 1.07 1.07 1.07 1.07 1.07 1.07 1.07 1.07 1.07 1.07 1.07 1.07 1.07 1.07 1.07 1.07 1.07 1.07 1.07 1.07 1.07 1.07 1.07 1.07 1.07 1.07 1.07 1.07 1.07 1.07 1.07 1.07 1.07 1.07 1.07 1.07 1.07 1.07 1.07 1.07 1.07 1.07 1.07 1.07 1.07 1.07 1.07 1.07 1.07 1.07 1.07 1.07 1.07 1.07 1.07 1.07 1.07 1.07 1.07 1.07 1.07 1.07 1.07 1.07 1.07 1.07 1.07 1.07 1.07 1.07 1.07 1.07 1.07 1.07 1.07 1.07 1.07 1.07 1.07 1.07 1.07 1.07 1.07 1.07 1.07 1.07 1.07 1.07 1.07 1.07 1.07 1.07 1.07 1.07 1.07 1.07 1.07 1.07 1.07 1.07 1.07 1.07 1.07 1.07 1.07 1.07 1.07 1.07 1.07 1.07 1.07 1.07 1.07 1.07 1.07 1.07 1.07 1.07 1.07 1.07 1.07 1.07 1.07 1.07 1.07 1.07 1.07 1.07 1.07 1.07 1.07 1.07 1.07 1.07 1.07 1.07 1.07 1.07 1.07 1.07 1.07 1.07 1.07 1.07 1.07 1.07 1.07 1.07 1.07 1.07 1.07 1.07 1.07 1.07 1.07 1.07 1.07 1.07 1.07 1.07 1.07 1.07 1.07 1.07 1.07 1.07 1.07 1.07 1.07 1.07 1.07 1.07 1.07 1.07 1.07 1.07 1.07 1.07 1.07 1.07 1.07 1.07 1.07 1.07 1.07 1.07 1.07 1.07 1.07 1.07 1.07 1.07 1.07 1.07 1.07 1.07 1.07 1.07 1.07 1.07 1.07 1.07 1.07 1.07 1.07 1.07 1.07 1.07 1.07 1.07 1.07 1.07 1.07 1.07 1.07 1.07 1.07 1.07 1.07 1.07 1.07 1.07 1.07 1.07 1.07 1.07 1.07 1.07 1.07 1.07 1.07 1.07 1.07 1.07 1.07 1.07 1.07 1.07 1.07 1.07 1.07 1.07 1.07 1.07 1.07 1.07 1.07 1.07 1.07 1.07 1.07 1.07 1.07 1.07 1.07 1.07 1.07 1.07 1.07 1.07 1.07 1.07 1.07 1.07 1.07 1.07 1.07 1.07 1.07 1.07 1.07 1.07 1.07 1.07 1.07 1.07 1.07 1.07 1.07 1.07 1.07 1.07 1.07 1.07 1.07 1.07 1.07 1.07 1.07 1.07 1.07 1.07 1.07 1.07 1.07 1.07 1.07 1.07 1.07 1.07 1.07 1.07 1.07 1.07 1.07 1.07 1.07 1.07 1.07 1.07 1.07 1.07 1.07 1.07 1.07 1.07 1.07 1.07 1.07 1.07 1.07 1.07 1.07 1.07 1.07 1.07 1.07 1.07 1.07 1.07 1.07 1.07 1.07 1.07 1.07 1.07 1.07 1.07 1.07 1.07 1.07 1.07 1.07 1.07 1.07 1.07 1.07 1.07 1.07 1.07 1.07 1.07 1.07 1.07 1.07 1.07 1.07 1.07 1.07 1.07 1.07 1.07 1.07 1.07 1.07 1.07 1.07 1.07 1.07 1.07 1.07 1.07 1.07 1.07 1.07 1.07 1.07 1.07 1.07 1.07 1.07 1.07 1.07 1.07 1.07 1.07 1.07 1.07 1.07 1.07 1.07 1.07 1.07 1.07 1.07 1.07 1.07 1.07 1.07 1.07 1.07 1.07 1.07 1.07 1.07 1.07 1.07 1.07 1.07 1.07 1.07 1.07 1.07 1.07 1.07 1.07 1.07 1.07 1.07 1.07 1.07 1.07 1.07 1.07 1.07 1.07 1.07 1.07 1.07 1.07 1.07 1.07 1.07 1.07 1.07 1.07 1.07 1.07 1.07
LO
 3 2 0 1 2 5 0 3 2 3 3 2 5 4 3 5 0 1 1 4 4 0 3 3 1 3 2 4 0 2 2 5 3 1 3 4 4 0 1 3 3 3 0 3 5 1 3 0 4 0 2 3 1 3 3 4 4 4 0 1 1 3 4 2 0 2 5 4 4 2 4 5 1 1 4 4 4 0 5 4 5 4 1 0 4 2 0 4 5 3 0 0 2 4 3 5 2 1 5 0 2 4 4 1 3 1 5 0 2 0 1 5 5 3 2 2 3 5 4 5 5 5 1 1 2 5 0 3 2 5 2 1 0 0 1 3 0 2 0 0 5 0 5 2 2 0 2 0 2 4 5 1 4 4 0 2 3 5 3 4 0 4 0 4 5 0 3 1 3 1 4 2 2 0 0 3 4 4 1 3 4 2 5 0 5 1 3 2 2 0 4 4 1 4 4 0 5 5 3 3 3 1 3 2 1 0 3 5 3 5 2 5 5 1 4 5 1 5 4 5 2 0 5 2 2 5 5 0 1 0 1 2 2 0 2 1 2 1 0 0 1 1 2 2 3 0 5 1 0 2 0 1 5 4 1 2 0 3 3 4 1 5 3 4 1 2 4 2 5 5 3 3 1 4 2 3 0 2 1 2 3 4 4 3 1 1 2 3 1 2 3 1 0 0 2 2 5 2 2 2 0 4 4 4 2 4 5 3 2 0 0 1 2 0 5 0 5 5 4 5 0 3 4 3 3 0 2 2 1 0 4 5 0 2 3 0 4 1 1 1 1 1 2 3 4 3 0 1 5 4 4 1 5 1 4 5 0 3 3 4 4 1 0 0 1 3 3 2 5 4 4 2 3 4 1 4 5 1 5 1 5 3 0 1 2 5 2 3 4 4 3 5 4 2 5 4 1 1 1 4 0 1 5 0 3 0 3 5 1 5 5 2 3 0 3 5 3 3 3 2 4 1 0 1 4 3 5 4 2 4 1 2 1 5 3 5 3 2 5 0 3 0 1 4 1 0 5 1 1 5 5 1 2 2 3 1 3 3 2 2 2 2 3 0 5 3 3 2 1 1 0 1 1 4 1 4 3 0 0 3 0 4 5 1 2 2 3 4 0 0 0 0 4 1 3 4 1 5 4 2
D
 353 351 554 510 767 261 411 678 458 143 807 663 191 725 836 779 719 160 561 419 450 292 681 668 141 389 813 830 372 503 464 930 412 645 361 720 313 393 519 622 178 841 406 564 911 569 332 878 493 490 243 328 956 855 111 888 932 316 421 673 560 128 368 398 542 410 752 548 981 269 469 316 306 474 257 322 843 729 189 535 196 301 638 148 706 638 758 359 904 226 138 207 180 609 185 246 166 672 422 299 328 700 595 198 610 863 202 485 232 411 832 969 382 438 652 621 323 324 529 121 196 945 857 329 624 240 934 625 368 424 987 919 475 171 210 691 230 199 428 550 346 268 487 454 416 431 565 102 512 295 710 551 212 430 841 468 253 787 732 783 836 431 758 189 281 399 237 155 412 209 257 492 964 423 852 747 533 645 492 329 575 139 883 490 129 154 526 595 481 954 341 259 638 888 860 158 470 316 567 780 996 844 518 800 239 112 184 913 618 809 250 108 713 600 457 160 856 921 262 436 511 891 846 567 667 208 552 266 308 171 850 978 991 173 439 779 464 105 589 156 857 480 888 711 580 396 151 712 269 187 510 962 583 963 656 695 592 629 678 176 649 660 240 201 705 443 497 146 287 103 345 330 603 684 693 985 975 302 804 717 140 757 961 954 454 126 210 261 487 470 576 940 338 438 871 824 151 141 144 110 636 462 106 658 316 878 379 555 914 324 354 645 689 859 359 672 122 872 585 727 580 756 663 839 745 382 960 458 830 292 541 236 717 962 472 264 223 109 934 274 563 489 402 385 255 380 321 901 589 305 245 434 880 606 270 968 409 854 665 308 458 998 366 194 484 914 810 672 239 663 472 534 684 162 173 604 288 519 252 963 808 369 366 333 691 633 325 996 163 290 575 332 101 479 590 595 706 832 540 821 223 970 828 130 204 671 962 396 460 678 168 864 744 896 213 205 751 558 909 779 514 274 634 520 639 572 772 613 814 596 500 174 283 522 252 817 788 158 364 869 899 160 619 555 876 103 805 469 728 316 400 243 771 597 415 424 237 342 417 684 316 720 740 938 821 103 381 964 183 431 613 264 527 134 603 956 615 162 395 523 836 173 876 902 626 439 713 871 947 626 887 807 720 987 836 646 241 527 156 644
OS
 1 1 0 0 0 0 1 1 0 1 0 0 0 0 1 0 0 0 0 0 1 1 0 1 1 1 1 1 1 1 0 0 1 0 1 1 1 1 1 1 0 1 1 0 0 1 0 0 0 0 1 1 0 0 1 0 1 1 1 0 1 1 1 1 0 0 0 0 1 0 0 0 0 1 0 0 0 0 1 1 1 1 0 1 1 0 1 0 1 1 1 0 0 1 0 1 0 0 1 0 0 1 1 1 1 0 1 1 0 0 0 1 1 0 0 1 0 0 1 1 0 1 0 1 1 0 1 1 1 0 0 0 1 0 1 1 0 0 0 0 1 0 0 1 0 0 0 0 0 1 1 0 0 1 1 1 0 1 1 0 0 0 0 1 0 1 0 0 0 1 0 1 0 0 0 0 1 1 0 0 1 1 0 1 0 1 0 1 0 1 0 1 1 0 0 1 1 1 1 1 1 0 0 1 1 1 1 0 0 1 1 0 0 1 1 1 1 1 1 0 0 0 0 0 0 1 0 0 1 1 0 1 0 1 0 0 1 0 1 0 0 0 0 0 1 1 1 0 0 1 1 1 1 0 1 0 1 1 1 1 1 0 1 1 0 0 0 1 0 0 0 1 1 1 0 0 1 1 1 1 0 1 0 1 1 0 1 1 1 0 1 1 1 1 1 1 1 0 0 1 1 0 1 1 1 1 1 1 0 0 1 1 1 0 1 1 1 1 1 0 1 1 1 1 0 1 1 0 0 1 1 0 0 0 1 1 1 1 0 0 1 1 1 0 0 0 1 0 1 1 0 0 1 0 0 1 1 1 0 0 0 0 1 1 0 0 0 0 0 0 1 0 1 1 1 0 0 0 0 1 1 0 1 0 1 1 1 0 1 1 1 0 1 1 1 0 1 0 0 0 0 0 1 0 0 1 1 1 0 0 0 0 1 0 0 1 1 0 1 1 0 0 1 0 1 0 0 1 1 1 0 0 1 0 0 0 0 1 0 1 0 1 0 0 1 0 0 1 0 1 0 1 1 0 0 1 0 1 0 1 0 0 1 1 0 1 0 0 0 0 0 0 1 0 1 0 0 1 1 1 1 1 1 1 0 1 1 0 1 1 1 0 0 1 0 1 1 1 1 1
F
 80640 80640 10080 60480 80640 70560 90720 70560 80640 100800 20160 30240 60480 70560 100800 10080 100800 60480 40320 60480 40320 20160 80640 60480 80640 60480 20160 30240 80640 40320 100800 90720 50400 100800 20160 40320 60480 20160 20160 90720 60480 30240 10080 80640 40320 90720 30240 30240 20160 50400 40320 40320 100800 80640 90720 50400 40320 30240 30240 10080 20160 30240 80640 80640 90720 100800 10080 90720 20160 20160 30240 10080 50400 60480 100800 90720 30240 40320 40320 50400 80640 20160 90720 80640 30240 100800 70560 70560 50400 10080 30240 60480 50400 40320 30240 90720 70560 20160 60480 50400 50400 40320 50400 10080 10080 80640 80640 90720 20160 60480 40320 80640 90720 50400 20160 30240 70560 90720 100800 50400 40320 60480 70560 80640 90720 30240 100800 30240 70560 20160 30240 100800 20160 40320 70560 20160 50400 90720 70560 80640 50400 100800 90720 100800 20160 20160 20160 10080 70560 90720 20160 100800 20160 30240 30240 10080 10080 90720 100800 20160 80640 40320 10080 20160 60480 50400 50400 50400 40320 100800 50400 80640 90720 30240 50400 20160 50400 80640 90720 90720 30240 70560 80640 30240 90720 40320 50400 60480 70560 60480 30240 50400 10080 70560 100800 100800 30240 30240 10080 70560 50400 40320 70560 70560 20160 100800 100800 90720 80640 50400 60480 70560 50400 10080 50400 40320 60480 50400 20160 100800 20160 30240 10080 90720 10080 10080 70560 80640 30240 40320 20160 90720 50400 90720 30240 100800 10080 80640 40320 50400 80640 50400 50400 30240 90720 20160 70560 50400 70560 80640 30240 60480 40320 20160 50400 90720 40320 80640 60480 40320 100800 90720 10080 70560 90720 70560 90720 20160 60480 60480 70560 30240 10080 100800 100800 80640 50400 80640 10080 10080 30240 50400 80640 50400 60480 100800 20160 40320 100800 40320 90720 30240 30240 60480 20160 70560 40320 70560 80640 20160 80640 80640 100800 80640 50400 60480 60480 40320 60480 90720 60480 90720 30240 10080 10080 60480 60480 80640 30240 20160 80640 90720 90720 50400 80640 50400 80640 100800 30240 70560 80640 80640 80640 90720 60480 40320 50400 10080 90720 10080 100800 40320 80640 40320 10080 60480 20160 80640 80640 40320 100800 50400 90720 80640 70560 60480 100800 90720 60480 20160 90720 50400 50400 80640 40320 40320 80640 40320 90720 100800 40320 30240 40320 70560 10080 10080 60480 100800 100800 30240 20160 90720 90720 100800 50400 50400 50400 80640 70560 10080 50400 10080 10080 70560 90720 20160 60480 20160 100800 50400 100800 50400 50400 30240 100800 30240 100800 100800 40320 90720 80640 50400 30240 40320 10080 90720 60480 100800 90720 100800 80640 30240 80640 90720 20160 10080 20160 30240 80640 80640 40320 50400 70560 20160 40320 10080 50400 80640 60480 20160 50400 70560 40320 30240 20160 80640 90720 100800 50400 30240 60480 10080 50400 10080 100800 30240 90720 10080 100800 30240 80640 20160 70560 70560 30240 30240 20160 10080 50400 60480 70560 40320 20160 30240 20160 90720 50400 60480 90720 30240 50400 100800 20160 50400 20160 50400 40320 60480 50400 60480 80640 40320 40320 90720 10080 20160 30240 20160 100800 80640
M
 16 16 9 9 11 9 9 8 10 14 9 8 14 15 16 11 15 14 9 9 8 13 11 9 16 9 12 9 15 11 10 8 11 15 11 13 8 11 14 10 16 15 8 9 10 11 16 16 16 16 15 16 16 8 9 15 16 9 10 15 15 13 14 10 8 15 8 10 8 11 10 14 14 10 14 11 14 15 15 8 16 11 14 8 11 8 9 13 9 16 15 9 16 16 10 11 14 8 12 10 14 8 15 14 15 16 14 9 13 14 15 15 13 8 8 14 16 11 14 11 12 14 12 10 15 8 13 12 15 10 8 9 9 15 9 15 12 8 16 13 11 9 14 10 15 15 12 10 11 11 8 10 13 9 10 12 14 8 11 11 10 8 16 13 10 14 15 10 9 10 9 10 8 10 8 15 13 10 14 16 16 14 11 14 8 12 13 9 9 15 13 13 9 9 9 9 9 8 13 9 14 12 15 9 14 11 14 14 15 9 9 13 16 11 12 16 11 11 11 15 9 10 11 11 14 8 15 10 10 12 16 14 12 10 12 8 10 13 16 9 16 15 8 11 9 9 11 11 15 11 11 10 16 12 13 8 13 13 9 16 13 10 9 13 14 10 12 16 12 9 12 11 14 11 16 13 12 14 14 12 13 8 10 8 14 13 15 15 13 16 15 12 8 8 16 16 8 16 12 10 11 12 15 16 9 11 14 16 11 16 11 15 15 13 10 12 13 10 15 13 16 8 9 8 8 8 15 8 8 9 12 14 15 16 10 14 12 13 16 8 9 13 8 9 13 10 14 10 12 10 16 10 9 12 16 10 12 10 13 12 9 9 10 16 12 9 12 13 8 13 10 11 13 11 15 16 15 16 16 14 10 11 11 11 13 12 12 11 14 9 8 16 16 9 8 14 10 13 16 16 16 10 13 15 9 10 11 16 10 10 10 11 16 13 11 15 10 10 14 10 15 9 12 9 10 11 13 12 15 11 14 8 11 12 10 9 8 15 11 15 10 14 14 15 9 10 12 13 13 8 8 9 14 10 14 15 10 12 13 16 12 10 15 13 15 10 15 11 16 10 13 8 11 13 13 16 10 12 10 11 13 8 11 8 16 12 11 15 15 16 13 9 11 10 13 14 16 14 14 10
