## - cloud resource specifications
numberOfClouds 
 3
packagename
 m3.medium m3.large m3.xlarge m3.2xlarge c3.large c3.xlarge c3.2xlarge c3.4xlarge c3.8xlarge r3.large r3.xlarge r3.2xlarge r3.4xlarge r3.8xlarge i2.xlarge i2.2xlarge i2.4xlarge i2.8xlarge n1-standard-1 n1-standard-2 n1-standard-4 n1-standard-8 n1-standard-16 n1-highcpu-2 n1-highcpu-4 n1-highcpu-8 n1-highcpu-16 n1-highmem-2 n1-highmem-4 n1-highmem-8 n1-highmem-16 A0 A1 A2 A3 A4 A5 A6 A7 D1 D2 D3 D4 D11 D12 D13 D14 A10 A11
package
 18 13 18
Gflops
 190 380 760 1520 426 852 1704 3408 6816 380 760 1520 3040 6080 760 1520 3040 6080 159 317 634 1268 2536 317 634 1268 2536 317 634 1268 2536 168 168 335 670 1340 670 1340 2680 335 670 1340 2680 670 1340 2680 5360 3040 6080
ram
 3.75 7.5 15 30 3.75 7.5 15 30 60 15.25 30.5 61 122 244 30.5 61 122 244 3.75 7.5 15 30 60 1.8 3.6 7.2 14.4 13 26 52 104 0.75 1.75 3.5 7.0 14.0 14.0 28.0 56.0 3.5 7.0 14.0 28.0 14.0 28.0 56.0 112.0 56.0 112.0
disk
 4.0 32.0 80.0 160.0 32.0 80.0 160.0 320.0 640.0 32.0 80.0 160.0 320.0 640.0 800.0 1600.0 3200.0 6400.0 100.0 250.0 500.0 750.0 1000.0 250.0 500.0 750.0 1000.0 250.0 500.0 750.0 1000.0 20.0 70.0 135.0 285.0 605.0 135.0 285.0 605.0 50.0 100.0 200.0 400.0 100.0 200.0 400.0 800.0 382.0 382.0
locationProvider
 7 3 8
locationID
 1 1 2 2 3 4 5 1 2 3 1 2 2 3 3 4 4 5
priceOS0
 0.07 0.14 0.28 0.56 0.105 0.21 0.42 0.84 1.68 0.175 0.35 0.7 1.4 2.8 0.853 1.705 3.41 6.82 0.077 0.154 0.308 0.616 0.12 0.239 0.478 0.956 1.912 0.195 0.39 0.78 1.56 3.12 0.938 1.876 3.751 7.502 0.077 0.154 0.308 0.616 0.12 0.239 0.478 0.956 1.912 0.195 0.39 0.78 1.56 3.12 0.938 1.876 3.751 7.502 0.083 0.166 0.332 0.665 0.129 0.258 0.516 1.032 2.064 0.21 0.421 0.842 1.684 3.369 1.013 2.026 4.051 8.102 0.098 0.196 0.392 0.784 0.132 0.265 0.529 1.058 2.117 0.21 0.42 0.84 1.68 3.36 1.018 2.035 4.07 8.14 0.101 0.203 0.405 0.81 0.128 0.255 0.511 1.021 2.043 0.21 0.42 0.84 1.68 3.36 1.001 2.001 4.002 8.004 0.098 0.196 0.392 0.784 0.132 0.265 0.529 1.058 2.117 0.21 0.42 0.84 1.68 3.36 1.018 2.035 4.07 8.14 0.122 0.255 0.510 1.521 2.924 0.275 0.550 1.601 3.084 0.237 0.474 1.449 2.780 0.126 0.263 0.526 1.553 2.988 0.285 0.570 1.641 3.164 0.243 0.486 1.473 2.828 0.126 0.263 0.526 1.553 2.988 0.285 0.570 1.641 3.164 0.243 0.486 1.473 2.828 0.02 0.06 0.12 0.24 0.48 0.25 0.5 1.0 0.094 0.188 0.376 0.752 0.238 0.476 0.857 1.542 1.16 2.08 0.02 0.06 0.12 0.24 0.48 0.248 0.496 0.992 0.094 0.188 0.376 0.752 0.238 0.476 0.857 1.542 1.33 2.39 0.02 0.06 0.12 0.24 0.48 0.27 0.54 1.08 0.115 0.23 0.46 0.92 0.273 0.546 0.983 1.769 1.33 2.39 0.02 0.06 0.12 0.24 0.48 0.294 0.588 1.176 0.138 0.276 0.552 1.104 0.295 0.59 1.062 1.912 1.51 2.7 0.02 0.06 0.12 0.24 0.48 0.27 0.54 1.08 0.12 0.24 0.48 0.96 0.256 0.512 0.922 1.659 1.33 2.39 0.024 0.081 0.162 0.324 0.648 0.281 0.562 1.124 0.142 0.284 0.568 1.136 0.295 0.59 1.062 1.912 1.51 2.7 0.021 0.073 0.146 0.292 0.584 0.258 0.516 1.032 0.123 0.246 0.492 0.984 0.256 0.512 0.922 1.659 1.33 2.39 0.029 0.071 0.142 0.284 0.568 0.278 0.556 1.112 0.12 0.239 0.478 0.956 0.256 0.512 0.922 1.66 1.33 2.39
priceOS1
 0.133 0.266 0.532 1.064 0.188 0.376 0.752 1.504 3.008 0.3 0.6 1.08 1.944 3.5 0.973 1.946 3.891 7.782 0.133 0.266 0.532 1.064 0.188 0.376 0.752 1.504 3.008 0.3 0.6 1.08 1.944 3.5 0.973 1.946 3.891 7.782 0.14 0.28 0.56 1.12 0.188 0.376 0.752 1.504 3.008 0.33 0.652 1.173 2.111 3.8 1.058 2.116 4.232 8.464 0.146 0.292 0.584 1.169 0.212 0.424 0.848 1.696 3.392 0.335 0.671 1.222 2.228 4.069 1.133 2.267 4.532 9.064 0.161 0.322 0.644 1.288 0.238 0.477 0.935 1.906 3.813 0.323 0.646 1.192 2.447 4.6 1.169 2.337 4.674 9.348 0.151 0.302 0.603 1.206 0.231 0.462 0.925 1.849 3.699 0.31 0.62 1.219 2.276 4.25 1.113 2.226 4.451 8.903 0.161 0.322 0.644 1.288 0.238 0.477 0.935 1.906 3.813 0.323 0.646 1.192 2.447 4.6 1.169 2.337 4.674 9.348 0.102 0.215 0.430 0.801 1.484 0.235 0.470 0.881 1.644 0.197 0.394 0.729 1.340 0.106 0.223 0.446 0.833 1.548 0.245 0.490 0.921 1.724 0.203 0.406 0.753 1.388 0.106 0.223 0.446 0.833 1.548 0.245 0.490 0.921 1.724 0.203 0.406 0.753 1.388 0.02 0.09 0.18 0.36 0.72 0.33 0.66 1.32 0.171 0.342 0.684 1.368 0.403 0.806 1.451 2.611 1.64 3.04 0.02 0.09 0.18 0.36 0.72 0.3 0.6 1.2 0.159 0.318 0.636 1.272 0.366 0.732 1.318 2.372 1.89 3.5 0.02 0.09 0.18 0.36 0.72 0.34 0.68 1.36 0.183 0.366 0.732 1.464 0.421 0.842 1.516 2.728 1.89 3.5 0.02 0.09 0.18 0.36 0.72 0.36 0.72 1.44 0.224 0.448 0.896 1.792 0.453 0.906 1.631 2.935 2.13 3.95 0.02 0.09 0.18 0.36 0.72 0.32 0.64 1.28 0.195 0.39 0.78 1.56 0.394 0.788 1.418 2.553 1.89 3.5 0.024 0.106 0.212 0.424 0.848 0.35 0.7 1.4 0.211 0.422 0.844 1.688 0.436 0.872 1.57 2.825 2.13 3.95 0.021 0.095 0.19 0.38 0.76 0.31 0.62 1.24 0.183 0.366 0.732 1.464 0.378 0.756 1.361 2.449 1.89 3.5 0.029 0.113 0.226 0.452 0.904 0.349 0.698 1.396 0.196 0.393 0.786 1.571 0.394 0.788 1.419 2.554 1.89 3.5
# - client 2 requirements:
N
500
Tf
 4 3 2 3 3 4 4 3 3 4 3 3 2 2 5 2 5 2 4 4 3 4 3 5 3 3 3 2 2 2 2 5 3 2 4 3 2 4 2 5 2 5 2 4 4 2 4 3 3 4 3 2 2 3 4 5 2 3 5 5 2 4 4 5 3 4 2 3 2 5 3 3 4 5 2 3 4 2 2 5 4 5 3 2 3 4 5 5 5 4 3 2 5 3 4 5 4 4 5 5 2 2 5 4 3 5 4 2 4 3 5 3 2 2 4 4 4 3 4 3 3 3 2 2 3 5 2 5 4 4 4 4 3 4 2 3 4 5 4 3 4 2 3 3 2 4 5 4 2 3 5 3 3 4 4 2 2 5 4 3 2 5 2 2 3 4 2 3 3 2 3 5 4 4 5 4 4 4 4 4 3 5 3 2 4 4 2 5 5 3 5 3 5 4 2 5 4 2 2 4 2 5 2 2 5 3 5 4 5 5 3 5 4 2 5 3 4 3 4 3 2 2 5 4 3 5 3 4 3 5 4 2 4 2 4 3 5 5 3 5 2 2 3 5 3 5 3 5 2 5 2 5 3 4 2 3 5 2 4 4 4 4 5 4 5 5 4 3 3 3 4 5 2 3 2 3 3 2 5 2 3 5 4 5 3 4 4 5 4 3 5 4 3 5 4 5 5 3 4 4 5 2 5 3 3 5 3 4 2 2 5 2 3 5 3 3 3 4 2 3 4 4 3 3 5 4 3 3 4 3 5 2 5 3 5 4 4 4 5 4 2 2 2 4 5 2 5 2 3 2 4 4 4 4 5 2 3 5 5 5 4 4 3 3 3 4 3 2 4 4 3 4 4 4 3 4 3 4 2 5 4 2 2 2 4 2 2 5 3 3 2 2 5 2 3 3 3 2 5 5 5 5 3 4 3 4 4 2 5 3 5 4 5 2 5 5 3 5 3 5 4 3 4 2 2 3 2 4 3 3 2 4 4 2 5 2 3 4 2 2 2 2 5 3 3 4 2 3 3 2 4 4 3 4 4 4 4 5 2 4 4 3 4 2 2 2 5 4 5 5 4 5 5 3 4 2 3 3 5 2 3 2 2 5 2 5 2 2 3 2 3 5 2 4 4 2 4 3 3 5
C
 29.00 40.60 97.15 34.80 31.90 43.50 31.90 27.55 24.65 73.95 15.95 8.70 44.95 15.95 75.40 97.15 39.15 21.75 18.85 76.85 91.35 84.10 56.55 85.55 63.80 68.15 62.35 101.50 8.70 58.00 66.70 69.60 20.30 10.15 27.55 37.70 50.75 26.10 76.85 60.90 29.00 26.10 46.40 81.20 13.05 104.40 36.25 100.05 68.15 87.00 72.50 98.60 87.00 101.50 13.05 98.60 26.10 72.50 8.70 87.00 104.40 36.25 68.15 26.10 29.00 50.75 65.25 75.40 40.60 69.60 24.65 56.55 85.55 5.80 91.35 92.80 34.80 63.80 44.95 62.35 10.15 29.00 52.20 52.20 78.30 56.55 76.85 71.05 98.60 17.40 79.75 36.25 79.75 53.65 47.85 17.40 53.65 49.30 29.00 11.60 27.55 26.10 72.50 78.30 66.70 14.50 17.40 60.90 13.05 21.75 71.05 24.65 49.30 10.15 34.80 47.85 85.55 63.80 62.35 4.35 88.45 24.65 2.90 18.85 102.95 95.70 47.85 79.75 33.35 76.85 75.40 44.95 18.85 42.05 47.85 13.05 44.95 84.10 81.20 14.50 101.50 62.35 56.55 60.90 44.95 49.30 69.60 50.75 78.30 4.35 47.85 43.50 27.55 49.30 76.85 78.30 7.25 56.55 58.00 18.85 30.45 36.25 84.10 73.95 94.25 14.50 47.85 94.25 53.65 33.35 84.10 100.05 30.45 102.95 60.90 4.35 10.15 34.80 31.90 78.30 88.45 68.15 76.85 27.55 79.75 46.40 29.00 46.40 75.40 60.90 73.95 37.70 46.40 56.55 58.00 73.95 42.05 42.05 39.15 91.35 58.00 62.35 60.90 66.70 2.90 33.35 79.75 13.05 46.40 100.05 23.20 104.40 39.15 81.20 88.45 78.30 91.35 79.75 84.10 73.95 23.20 40.60 14.50 11.60 4.35 52.20 101.50 87.00 104.40 15.95 47.85 33.35 95.70 56.55 13.05 55.10 10.15 50.75 63.80 69.60 84.10 34.80 24.65 71.05 76.85 47.85 98.60 53.65 84.10 66.70 55.10 31.90 62.35 98.60 73.95 59.45 24.65 95.70 58.00 36.25 23.20 53.65 49.30 8.70 26.10 72.50 92.80 26.10 44.95 24.65 39.15 63.80 47.85 39.15 100.05 55.10 75.40 4.35 98.60 26.10 40.60 72.50 29.00 24.65 42.05 7.25 23.20 94.25 100.05 55.10 36.25 63.80 42.05 89.90 33.35 33.35 4.35 52.20 89.90 39.15 21.75 24.65 21.75 4.35 21.75 36.25 58.00 10.15 76.85 36.25 10.15 59.45 59.45 14.50 81.20 98.60 44.95 85.55 62.35 79.75 76.85 10.15 82.65 56.55 56.55 69.60 84.10 79.75 81.20 52.20 60.90 8.70 14.50 76.85 101.50 94.25 68.15 5.80 37.70 52.20 97.15 37.70 33.35 79.75 46.40 4.35 10.15 104.40 37.70 30.45 36.25 46.40 42.05 18.85 10.15 94.25 98.60 15.95 40.60 71.05 95.70 88.45 102.95 43.50 63.80 21.75 37.70 39.15 89.90 2.90 10.15 24.65 60.90 78.30 85.55 14.50 49.30 34.80 79.75 58.00 72.50 88.45 101.50 14.50 91.35 33.35 102.95 89.90 65.25 65.25 95.70 55.10 2.90 47.85 95.70 78.30 53.65 101.50 27.55 97.15 13.05 42.05 46.40 7.25 68.15 31.90 82.65 46.40 2.90 2.90 69.60 36.25 37.70 69.60 24.65 8.70 71.05 91.35 62.35 88.45 47.85 8.70 69.60 4.35 29.00 68.15 97.15 92.80 100.05 59.45 27.55 29.00 85.55 60.90 97.15 69.60 42.05 36.25 88.45 36.25 62.35 40.60 75.40 56.55 21.75 15.95 30.45 4.35 58.00 55.10 56.55 44.95 76.85 94.25 33.35 85.55 24.65 21.75 8.70 15.95 66.70 78.30 98.60 17.40 34.80 7.25 100.05 56.55 7.25 76.85 101.50 49.30 29.00 58.00 44.95 62.35 101.50 43.50 89.90 98.60 8.70 4.35 46.40 58.00 95.70 85.55 79.75 98.60 34.80 102.95 10.15 72.50 37.70 52.20 31.90 84.10 40.60 46.40 43.50 8.70
LO
 3 0 4 2 4 3 5 2 4 2 5 0 4 3 4 3 4 5 1 0 5 5 1 2 0 1 1 3 0 0 2 5 2 2 3 1 3 5 5 4 2 4 3 5 3 3 1 5 2 5 2 2 5 1 0 2 2 1 5 3 0 2 2 3 2 4 0 3 5 1 1 4 4 1 0 2 5 0 0 1 4 1 5 1 2 2 5 1 3 1 0 3 4 2 0 4 2 1 2 5 0 0 0 2 1 2 3 0 2 0 5 2 3 3 0 2 3 3 0 1 1 4 1 3 2 4 5 1 2 2 2 2 5 1 0 2 5 5 3 2 3 5 4 2 5 0 2 4 2 0 4 2 3 4 5 4 5 0 2 0 5 5 1 2 4 4 1 0 1 0 2 1 0 1 0 1 2 3 0 3 3 5 0 3 3 2 4 5 0 5 5 4 1 5 5 1 4 1 4 5 2 1 0 3 2 3 1 0 1 5 1 2 1 5 2 0 5 3 1 0 2 5 4 1 0 0 2 2 5 1 1 2 0 4 0 2 1 1 5 5 2 3 1 4 1 3 0 5 4 2 2 4 2 5 2 5 0 2 2 0 2 0 0 2 2 0 3 4 0 1 1 2 2 5 2 1 1 3 5 5 4 0 4 0 1 2 3 5 1 3 1 2 5 2 1 3 4 3 1 3 1 1 4 3 5 4 1 0 4 2 2 2 0 2 2 5 2 3 3 3 5 3 3 5 5 5 0 3 0 2 5 4 0 3 4 1 5 5 5 4 4 0 5 4 1 0 0 1 5 5 2 5 4 1 1 5 3 3 3 2 2 4 3 2 4 5 1 1 0 5 2 3 2 2 4 3 1 5 4 5 0 4 0 3 2 5 5 1 4 0 2 3 0 5 5 1 1 4 2 2 4 1 2 0 1 0 2 0 2 4 1 0 4 5 1 5 3 2 2 2 3 0 3 0 0 4 1 2 5 4 1 0 5 1 3 0 2 5 3 4 2 0 2 2 3 0 3 0 1 1 5 0 1 0 4 3 0 1 3 1 3 3 1 2 2 4 5 0 1 0 1 4 5 0 5 2 0 1 0 5 2 0 4 1 3 4 5 5 0 0 1 3 4 1 4 1 5 3 2 1
D
 124 146 827 388 831 925 591 953 234 251 497 923 556 718 499 342 777 310 825 961 426 137 179 874 287 203 881 760 259 488 245 973 531 359 910 951 443 326 274 242 194 463 243 825 179 349 561 448 695 727 159 103 477 929 974 530 110 925 394 216 456 139 854 905 130 416 680 601 918 514 963 284 818 715 666 702 783 555 387 509 260 731 920 235 833 668 824 543 807 675 509 305 950 830 653 159 728 614 118 341 468 240 521 665 741 876 742 350 190 609 905 883 465 220 231 633 823 775 712 814 188 555 105 612 559 554 333 382 434 897 404 673 168 144 575 161 913 187 825 808 734 920 714 444 303 833 344 526 746 931 909 168 131 744 398 556 465 150 199 970 622 622 515 825 818 931 122 141 568 724 666 686 491 536 583 686 340 901 422 818 924 147 259 225 353 469 866 456 257 200 722 768 963 315 684 557 788 361 449 118 100 784 368 722 958 293 854 452 231 301 201 182 329 699 359 971 698 921 300 154 980 728 964 141 806 274 443 313 775 750 659 483 622 346 891 859 582 436 245 144 890 566 707 408 759 185 794 677 270 614 616 833 155 610 632 652 624 573 477 327 730 208 353 710 777 682 855 164 525 589 750 127 607 789 322 699 702 219 738 716 291 313 487 502 419 995 301 328 482 630 903 506 160 126 710 224 753 697 729 386 175 513 118 550 349 778 851 641 754 870 961 600 471 387 384 192 522 338 743 934 1000 146 335 742 505 891 693 748 867 944 600 925 987 198 370 430 870 634 473 804 814 946 771 351 326 848 219 496 558 364 762 904 141 847 687 506 354 636 981 491 733 486 240 454 382 447 572 238 605 628 941 335 719 494 754 879 925 992 847 424 632 625 416 627 563 854 157 678 262 852 923 361 792 790 233 146 273 690 231 510 417 546 154 275 176 466 765 883 748 852 859 717 285 671 657 572 524 380 355 451 996 902 524 484 545 389 310 381 534 602 169 910 682 521 192 857 961 997 415 174 998 441 278 158 944 754 224 338 148 363 711 684 286 313 835 337 954 496 873 226 226 148 232 710 742 418 392 638 241 434 518 714 217 489 709 559 112 810 993 188 521 406 700 507 718 465 375 931 210 169 470 297 242 417 141 958 611 127 188 424
OS
 1 1 1 0 1 1 1 1 0 0 0 1 0 0 0 0 1 1 1 0 0 1 0 0 1 0 1 1 1 0 0 0 0 0 1 1 1 1 0 0 0 1 0 0 0 0 0 0 0 1 0 1 1 0 0 0 0 1 0 1 1 0 1 1 1 0 1 0 1 0 1 0 0 0 0 1 1 1 0 1 1 1 1 0 1 0 0 1 1 0 1 0 1 0 0 1 1 1 0 1 0 0 1 0 1 1 1 1 0 0 0 1 1 0 0 0 0 0 1 0 0 1 0 1 1 0 0 1 0 0 0 0 1 0 1 1 1 1 1 1 1 0 0 0 1 0 0 1 1 1 1 1 1 1 1 0 1 1 1 1 0 0 0 1 0 1 0 0 1 0 1 0 1 0 1 0 0 1 1 1 0 1 1 1 0 0 1 1 0 1 0 1 1 0 1 0 0 0 1 0 1 0 0 1 1 1 1 0 1 1 1 1 1 0 1 1 1 1 0 0 1 1 0 0 0 1 0 0 0 1 1 0 1 1 0 0 1 0 0 0 1 1 0 1 0 1 1 0 0 1 0 1 1 0 0 0 0 0 1 0 1 1 1 1 0 1 0 1 1 1 1 1 0 0 1 0 0 0 1 1 1 1 0 1 0 0 1 0 0 1 0 0 0 1 0 1 1 1 1 1 0 0 1 0 1 1 1 0 0 0 0 1 1 0 1 0 1 0 0 1 0 1 0 0 1 0 1 0 0 0 1 0 1 1 0 0 1 1 1 1 0 1 1 1 0 1 0 0 0 1 1 1 0 1 1 0 0 0 0 0 0 0 0 0 1 0 1 0 0 0 1 0 1 1 1 1 0 1 0 0 0 0 1 1 1 0 0 1 0 1 0 0 0 1 1 0 1 1 1 1 0 1 1 0 1 0 0 0 0 1 0 1 1 1 0 1 1 0 1 1 1 1 0 1 0 0 0 1 1 1 0 1 1 1 0 1 1 1 0 0 1 0 1 0 0 0 0 1 0 1 0 1 1 0 1 1 1 1 1 1 0 1 0 0 0 0 1 1 1 0 1 1 0 1 1 0 0 0 1 0 1 0 0 0 0 1 0 1 0 1 0 1 1 0 0 1 1 1 1 1
F
 11934720 16702560 40128480 13940640 13235040 17771040 12922560 11188800 9807840 30250080 6300000 3276000 18466560 6420960 30864960 40168800 16107840 8719200 7701120 31842720 37507680 34715520 23546880 35532000 26328960 27951840 25603200 41862240 3044160 23889600 27629280 28657440 8023680 3689280 10906560 15180480 20956320 10836000 31973760 24897600 11501280 10452960 18930240 33314400 5140800 43092000 14595840 41156640 27982080 35683200 29998080 40672800 36036000 41993280 5362560 41005440 10473120 29947680 3276000 36156960 43122240 15069600 28213920 10483200 12025440 20724480 26792640 31429440 16349760 28788480 9686880 23415840 35421120 2076480 37800000 38142720 14333760 26308800 18516960 25814880 3729600 12025440 21561120 21198240 32195520 23254560 31570560 29151360 41106240 6985440 32790240 15089760 33163200 22155840 19938240 7187040 21873600 20422080 11954880 4243680 11350080 10473120 30088800 32407200 27619200 5937120 6884640 25159680 5392800 8900640 29423520 10241280 20109600 3941280 14343840 19827360 35582400 26087040 25875360 1713600 36620640 9676800 876960 7590240 42436800 39513600 19535040 33163200 13597920 31479840 30905280 18668160 7590240 17004960 19504800 5171040 18375840 34745760 33364800 5483520 41821920 25845120 23486400 24847200 18698400 20412000 28869120 20916000 32114880 1320480 19464480 17730720 10987200 20452320 31631040 32215680 2630880 23496480 24030720 7751520 12186720 14968800 34997760 30391200 39231360 5654880 19635840 38757600 21944160 13839840 34574400 41317920 12519360 42547680 25300800 1784160 4062240 14484960 13053600 32639040 36459360 28314720 32014080 11400480 33112800 18859680 11602080 18748800 30875040 25018560 30542400 15523200 19172160 23234400 23909760 30683520 17478720 17065440 15896160 37981440 23839200 25895520 25129440 27649440 1098720 13476960 32800320 5241600 18990720 41479200 9424800 43172640 15876000 33798240 36781920 32356800 37900800 32760000 34947360 30340800 9475200 16551360 5705280 4505760 1723680 21561120 41811840 36025920 43495200 6108480 19504800 13739040 39493440 23425920 5211360 22448160 4142880 21026880 26157600 28566720 34715520 14353920 9969120 29544480 31933440 19847520 40703040 21873600 34675200 27417600 22780800 13063680 25764480 40803840 30592800 24433920 10100160 39795840 23950080 14908320 9253440 21772800 20291040 3144960 10573920 29746080 38465280 10624320 18718560 10110240 15734880 26520480 19696320 15896160 41489280 22811040 31076640 1542240 40844160 10694880 16611840 29685600 11723040 10180800 17105760 2953440 9354240 38868480 41247360 22750560 14525280 26530560 17236800 37185120 13678560 13456800 1441440 21641760 37175040 15805440 9001440 9908640 8568000 1622880 8467200 14515200 23808960 4102560 31903200 15009120 3659040 24595200 24685920 5745600 33657120 41045760 18315360 35380800 25996320 33062400 31489920 4173120 34120800 23466240 23345280 28687680 35007840 32961600 33374880 21752640 25310880 3467520 5564160 31651200 42033600 39039840 27972000 2338560 15472800 21722400 40209120 15543360 13487040 32830560 18849600 1260000 4173120 43404480 15654240 12287520 14797440 18799200 17004960 7640640 3800160 38858400 40985280 6259680 16632000 29604960 39312000 36630720 42436800 17881920 26066880 8537760 15704640 16087680 37487520 917280 4203360 10271520 24857280 32628960 35461440 5584320 20028960 13970880 33052320 23980320 29967840 36711360 42275520 5443200 37709280 13416480 42648480 37447200 26691840 26964000 39644640 22881600 645120 19474560 39755520 32376960 22286880 41932800 11390400 40330080 5392800 17508960 19323360 2570400 28395360 12942720 34221600 19232640 806400 685440 28778400 14565600 15644160 29000160 9787680 3245760 29262240 37900800 25512480 36348480 19353600 3467520 28869120 1411200 11672640 28355040 40168800 38112480 41459040 24202080 11471040 11803680 35501760 25189920 40340160 28939680 17418240 14605920 36660960 15109920 25804800 16500960 31348800 23254560 8991360 6562080 12106080 1280160 23829120 22962240 23254560 18648000 31862880 39019680 13497120 35501760 9908640 8487360 3094560 6108480 27347040 32548320 40622400 6723360 14162400 2812320 41620320 23365440 2832480 31762080 42053760 20059200 12005280 23778720 18738720 25562880 41791680 17922240 37023840 40914720 3316320 1784160 18789120 23718240 39564000 35098560 33233760 40975200 14303520 42598080 4173120 30159360 15190560 21500640 12791520 34513920 16662240 19162080 17629920 3487680
M
 2 3 1 2 4 1 2 3 3 2 2 2 2 2 1 3 3 1 2 2 3 1 3 3 3 1 3 4 3 3 2 4 4 1 3 2 4 2 3 1 4 3 2 4 3 2 4 3 3 4 2 1 1 1 1 1 2 2 1 3 4 4 4 1 2 4 3 3 3 2 3 4 3 3 2 1 3 4 4 4 3 3 4 4 2 1 2 1 4 2 3 4 1 3 3 1 3 1 2 1 3 2 3 4 2 3 3 4 3 2 2 1 1 1 2 2 4 3 1 3 1 3 1 2 2 4 2 2 2 4 3 4 4 4 2 3 3 2 2 3 2 1 4 1 1 4 4 3 1 3 4 4 2 4 3 2 2 1 3 4 1 2 2 2 4 4 3 4 3 3 4 3 2 3 2 2 4 1 4 4 2 2 2 1 4 2 3 2 2 4 3 2 1 2 4 1 2 2 3 2 1 1 2 4 2 1 3 2 4 1 4 4 1 3 2 4 3 1 1 3 2 1 2 2 3 1 1 2 4 3 3 4 4 4 4 2 3 2 1 2 1 4 4 1 4 3 2 4 1 2 1 2 2 3 2 3 3 4 3 2 2 4 2 3 3 4 4 4 1 3 4 2 2 4 1 4 2 3 1 3 3 1 3 2 1 3 2 1 1 1 3 1 3 1 2 2 4 1 4 3 3 2 4 2 4 1 4 2 3 3 4 3 3 3 4 3 3 2 1 2 1 4 3 4 2 2 3 1 2 1 1 3 2 3 1 3 2 2 3 1 3 2 4 1 1 3 4 2 4 4 3 3 1 1 2 2 3 1 3 2 2 3 1 4 3 4 4 1 4 3 1 4 3 2 1 3 2 1 2 3 2 1 4 4 3 1 3 3 1 3 2 2 2 3 2 2 4 2 1 1 3 2 2 2 3 3 3 2 4 2 4 3 2 4 2 3 2 4 4 4 2 1 1 1 4 1 3 1 2 1 3 3 2 3 2 3 1 2 2 2 2 1 2 4 4 4 3 4 2 1 1 4 4 1 2 1 2 3 3 2 4 4 4 1 1 2 3 2 1 1 4 2 2 2 1 2 2 1 2 1 4 2 1 1 4 3 4 1 1 2 3 1 1 3 3 4 4 1 4 1
