## - cloud resource specifications
numberOfClouds 
 3
packagename
 m3.medium m3.large m3.xlarge m3.2xlarge c3.large c3.xlarge c3.2xlarge c3.4xlarge c3.8xlarge r3.large r3.xlarge r3.2xlarge r3.4xlarge r3.8xlarge i2.xlarge i2.2xlarge i2.4xlarge i2.8xlarge n1-standard-1 n1-standard-2 n1-standard-4 n1-standard-8 n1-standard-16 n1-highcpu-2 n1-highcpu-4 n1-highcpu-8 n1-highcpu-16 n1-highmem-2 n1-highmem-4 n1-highmem-8 n1-highmem-16 A0 A1 A2 A3 A4 A5 A6 A7 D1 D2 D3 D4 D11 D12 D13 D14 A10 A11
package
 18 13 18
Gflops
 190 380 760 1520 426 852 1704 3408 6816 380 760 1520 3040 6080 760 1520 3040 6080 159 317 634 1268 2536 317 634 1268 2536 317 634 1268 2536 168 168 335 670 1340 670 1340 2680 335 670 1340 2680 670 1340 2680 5360 3040 6080
ram
 3.75 7.5 15 30 3.75 7.5 15 30 60 15.25 30.5 61 122 244 30.5 61 122 244 3.75 7.5 15 30 60 1.8 3.6 7.2 14.4 13 26 52 104 0.75 1.75 3.5 7.0 14.0 14.0 28.0 56.0 3.5 7.0 14.0 28.0 14.0 28.0 56.0 112.0 56.0 112.0
disk
 4.0 32.0 80.0 160.0 32.0 80.0 160.0 320.0 640.0 32.0 80.0 160.0 320.0 640.0 800.0 1600.0 3200.0 6400.0 100.0 250.0 500.0 750.0 1000.0 250.0 500.0 750.0 1000.0 250.0 500.0 750.0 1000.0 20.0 70.0 135.0 285.0 605.0 135.0 285.0 605.0 50.0 100.0 200.0 400.0 100.0 200.0 400.0 800.0 382.0 382.0
locationProvider
 7 3 8
locationID
 1 1 2 2 3 4 5 1 2 3 1 2 2 3 3 4 4 5
priceOS0
 0.07 0.14 0.28 0.56 0.105 0.21 0.42 0.84 1.68 0.175 0.35 0.7 1.4 2.8 0.853 1.705 3.41 6.82 0.077 0.154 0.308 0.616 0.12 0.239 0.478 0.956 1.912 0.195 0.39 0.78 1.56 3.12 0.938 1.876 3.751 7.502 0.077 0.154 0.308 0.616 0.12 0.239 0.478 0.956 1.912 0.195 0.39 0.78 1.56 3.12 0.938 1.876 3.751 7.502 0.083 0.166 0.332 0.665 0.129 0.258 0.516 1.032 2.064 0.21 0.421 0.842 1.684 3.369 1.013 2.026 4.051 8.102 0.098 0.196 0.392 0.784 0.132 0.265 0.529 1.058 2.117 0.21 0.42 0.84 1.68 3.36 1.018 2.035 4.07 8.14 0.101 0.203 0.405 0.81 0.128 0.255 0.511 1.021 2.043 0.21 0.42 0.84 1.68 3.36 1.001 2.001 4.002 8.004 0.098 0.196 0.392 0.784 0.132 0.265 0.529 1.058 2.117 0.21 0.42 0.84 1.68 3.36 1.018 2.035 4.07 8.14 0.122 0.255 0.510 1.521 2.924 0.275 0.550 1.601 3.084 0.237 0.474 1.449 2.780 0.126 0.263 0.526 1.553 2.988 0.285 0.570 1.641 3.164 0.243 0.486 1.473 2.828 0.126 0.263 0.526 1.553 2.988 0.285 0.570 1.641 3.164 0.243 0.486 1.473 2.828 0.02 0.06 0.12 0.24 0.48 0.25 0.5 1.0 0.094 0.188 0.376 0.752 0.238 0.476 0.857 1.542 1.16 2.08 0.02 0.06 0.12 0.24 0.48 0.248 0.496 0.992 0.094 0.188 0.376 0.752 0.238 0.476 0.857 1.542 1.33 2.39 0.02 0.06 0.12 0.24 0.48 0.27 0.54 1.08 0.115 0.23 0.46 0.92 0.273 0.546 0.983 1.769 1.33 2.39 0.02 0.06 0.12 0.24 0.48 0.294 0.588 1.176 0.138 0.276 0.552 1.104 0.295 0.59 1.062 1.912 1.51 2.7 0.02 0.06 0.12 0.24 0.48 0.27 0.54 1.08 0.12 0.24 0.48 0.96 0.256 0.512 0.922 1.659 1.33 2.39 0.024 0.081 0.162 0.324 0.648 0.281 0.562 1.124 0.142 0.284 0.568 1.136 0.295 0.59 1.062 1.912 1.51 2.7 0.021 0.073 0.146 0.292 0.584 0.258 0.516 1.032 0.123 0.246 0.492 0.984 0.256 0.512 0.922 1.659 1.33 2.39 0.029 0.071 0.142 0.284 0.568 0.278 0.556 1.112 0.12 0.239 0.478 0.956 0.256 0.512 0.922 1.66 1.33 2.39
priceOS1
 0.133 0.266 0.532 1.064 0.188 0.376 0.752 1.504 3.008 0.3 0.6 1.08 1.944 3.5 0.973 1.946 3.891 7.782 0.133 0.266 0.532 1.064 0.188 0.376 0.752 1.504 3.008 0.3 0.6 1.08 1.944 3.5 0.973 1.946 3.891 7.782 0.14 0.28 0.56 1.12 0.188 0.376 0.752 1.504 3.008 0.33 0.652 1.173 2.111 3.8 1.058 2.116 4.232 8.464 0.146 0.292 0.584 1.169 0.212 0.424 0.848 1.696 3.392 0.335 0.671 1.222 2.228 4.069 1.133 2.267 4.532 9.064 0.161 0.322 0.644 1.288 0.238 0.477 0.935 1.906 3.813 0.323 0.646 1.192 2.447 4.6 1.169 2.337 4.674 9.348 0.151 0.302 0.603 1.206 0.231 0.462 0.925 1.849 3.699 0.31 0.62 1.219 2.276 4.25 1.113 2.226 4.451 8.903 0.161 0.322 0.644 1.288 0.238 0.477 0.935 1.906 3.813 0.323 0.646 1.192 2.447 4.6 1.169 2.337 4.674 9.348 0.102 0.215 0.430 0.801 1.484 0.235 0.470 0.881 1.644 0.197 0.394 0.729 1.340 0.106 0.223 0.446 0.833 1.548 0.245 0.490 0.921 1.724 0.203 0.406 0.753 1.388 0.106 0.223 0.446 0.833 1.548 0.245 0.490 0.921 1.724 0.203 0.406 0.753 1.388 0.02 0.09 0.18 0.36 0.72 0.33 0.66 1.32 0.171 0.342 0.684 1.368 0.403 0.806 1.451 2.611 1.64 3.04 0.02 0.09 0.18 0.36 0.72 0.3 0.6 1.2 0.159 0.318 0.636 1.272 0.366 0.732 1.318 2.372 1.89 3.5 0.02 0.09 0.18 0.36 0.72 0.34 0.68 1.36 0.183 0.366 0.732 1.464 0.421 0.842 1.516 2.728 1.89 3.5 0.02 0.09 0.18 0.36 0.72 0.36 0.72 1.44 0.224 0.448 0.896 1.792 0.453 0.906 1.631 2.935 2.13 3.95 0.02 0.09 0.18 0.36 0.72 0.32 0.64 1.28 0.195 0.39 0.78 1.56 0.394 0.788 1.418 2.553 1.89 3.5 0.024 0.106 0.212 0.424 0.848 0.35 0.7 1.4 0.211 0.422 0.844 1.688 0.436 0.872 1.57 2.825 2.13 3.95 0.021 0.095 0.19 0.38 0.76 0.31 0.62 1.24 0.183 0.366 0.732 1.464 0.378 0.756 1.361 2.449 1.89 3.5 0.029 0.113 0.226 0.452 0.904 0.349 0.698 1.396 0.196 0.393 0.786 1.571 0.394 0.788 1.419 2.554 1.89 3.5
# - client 2 requirements:
N
250
Tf
 5 2 2 5 4 4 4 3 2 4 5 3 2 5 5 2 3 4 2 5 3 5 4 4 3 4 4 4 2 4 5 5 3 5 2 5 3 4 3 3 5 3 3 5 4 5 5 3 5 5 4 5 4 2 2 2 5 4 4 4 3 4 3 2 4 5 2 5 2 4 3 3 2 3 2 5 3 2 4 5 2 3 3 5 3 2 3 4 2 3 4 3 2 4 4 2 5 3 5 5 3 4 3 2 5 2 5 5 4 3 4 3 3 5 3 2 3 3 3 2 5 3 2 2 2 2 3 2 2 5 5 5 4 2 2 5 4 4 4 3 5 5 5 4 4 3 2 5 5 4 5 4 4 4 3 2 4 4 5 5 4 2 3 4 5 2 5 4 5 3 4 5 5 3 3 4 2 4 2 2 5 3 3 5 3 2 2 4 5 5 4 2 5 4 5 4 5 2 3 3 3 2 2 2 4 3 2 5 5 4 4 5 5 3 3 5 4 5 2 2 4 5 5 5 2 3 3 5 5 4 2 5 5 2 2 4 2 3 3 4 5 2 2 5 2 5 4 5 4 5
C
 0.56 0.56 0.56 0.56 0.56 0.56 0.56 0.56 0.56 0.56 0.56 0.56 0.56 0.56 0.56 0.56 0.56 0.56 0.56 0.56 0.56 0.56 0.56 0.56 0.56 0.56 0.56 0.56 0.56 0.56 0.56 0.56 0.56 0.56 0.56 0.56 0.56 0.56 0.56 0.56 0.56 0.56 0.56 0.56 0.56 0.56 0.56 0.56 0.56 0.56 0.56 0.56 0.56 0.56 1.12 0.56 0.56 0.56 0.56 0.56 0.56 0.56 0.56 0.56 0.56 0.56 0.56 0.56 0.56 0.56 0.56 0.56 0.56 0.56 0.56 0.56 0.56 0.56 0.56 0.56 0.56 0.56 0.56 0.56 0.56 0.56 0.56 0.56 0.56 0.56 0.56 0.56 0.56 0.56 0.56 0.56 0.56 0.56 0.56 0.56 0.56 0.56 0.56 0.56 0.56 0.56 0.56 0.56 0.56 0.56 0.56 0.56 0.56 0.56 0.56 0.56 0.56 0.56 0.56 0.56 0.56 0.56 0.56 0.56 0.56 0.56 0.56 0.56 0.56 0.56 0.56 0.56 0.56 0.56 0.56 0.56 0.56 0.56 0.56 0.56 0.56 0.56 0.56 0.56 0.56 0.56 0.56 0.56 0.56 0.56 0.56 0.56 0.56 0.56 0.56 0.56 0.56 0.56 0.56 0.56 0.56 1.12 0.56 0.56 0.56 0.56 0.56 0.56 0.56 0.56 0.56 0.56 0.56 0.56 0.56 0.56 0.56 0.56 0.56 0.56 0.56 0.56 0.56 0.56 0.56 0.56 0.56 0.56 0.56 0.56 0.56 0.56 0.56 0.56 0.56 0.56 0.56 0.56 0.56 0.56 0.56 0.56 0.56 1.12 0.56 0.56 0.56 0.56 0.56 0.56 0.56 0.56 0.56 0.56 0.56 0.56 0.56 0.56 0.56 0.56 0.56 0.56 0.56 0.56 0.56 0.56 0.56 0.56 0.56 0.56 0.56 0.56 0.56 0.56 0.56 0.56 0.56 0.56 0.56 0.56 0.56 0.56 0.56 0.56 0.56 0.56 0.56 0.56 0.56 0.56
LO
 1 1 5 0 2 1 4 4 3 1 0 3 0 3 0 3 5 1 1 3 3 5 4 3 2 2 0 0 5 5 0 4 5 2 1 2 2 2 0 5 5 1 2 5 4 3 0 5 1 0 0 4 5 0 2 4 1 4 4 3 5 2 0 4 2 4 4 3 1 4 0 0 4 2 4 5 1 3 5 3 5 3 0 2 2 2 5 1 3 2 1 2 4 2 4 1 0 0 1 4 4 4 0 2 4 3 2 3 5 5 3 3 2 5 3 4 2 5 5 2 5 1 0 0 0 5 4 4 2 3 1 0 5 0 1 4 2 1 2 4 3 0 5 5 5 3 0 5 3 0 0 2 3 3 3 3 1 2 2 4 5 4 0 0 5 3 0 4 1 1 3 1 1 2 1 4 0 4 5 1 0 1 4 2 0 3 3 4 4 2 4 1 1 3 2 0 2 1 4 5 5 1 1 2 1 2 5 0 0 4 2 0 1 3 2 2 1 1 0 4 4 1 3 0 3 0 5 4 4 5 3 0 1 0 4 1 0 2 4 0 3 0 4 1 2 5 5 5 4 4
D
 540 752 687 569 877 897 432 773 956 330 851 119 959 303 610 298 484 456 548 803 701 458 390 888 928 398 246 542 545 592 703 331 833 316 568 740 419 731 475 813 784 974 242 723 633 211 577 437 610 210 892 492 401 113 529 896 955 793 908 977 756 262 413 401 570 195 182 572 986 491 362 290 413 998 527 703 968 360 720 326 625 290 668 801 518 757 409 892 796 270 107 390 181 478 350 145 437 284 382 239 755 849 852 697 169 673 649 767 296 966 735 146 652 867 749 861 962 740 920 274 918 528 560 350 472 646 973 524 471 496 622 362 284 714 926 190 867 110 568 361 689 206 886 958 160 323 781 560 185 272 423 551 833 413 709 756 315 313 899 305 847 819 742 233 170 565 710 171 462 915 945 941 170 763 849 132 313 947 811 968 788 390 210 361 797 331 801 874 335 277 954 748 572 553 238 317 761 325 967 613 156 628 847 816 364 596 779 996 703 441 815 145 243 523 910 998 875 180 235 854 241 648 935 935 322 954 117 635 281 717 310 442 240 725 632 835 242 357 609 388 427 832 600 912 285 596 153 887 658 491
OS
 1 0 0 0 0 0 0 0 0 1 0 1 0 0 0 1 1 0 0 0 0 1 1 1 0 0 0 1 1 1 0 0 0 1 0 1 1 0 1 0 0 1 0 0 0 1 1 0 1 0 0 1 0 0 0 0 1 0 1 1 0 0 1 0 1 0 0 0 0 1 0 1 1 1 0 0 1 1 0 1 1 0 0 1 0 1 1 0 0 1 1 1 0 0 0 1 1 0 0 1 0 0 0 1 1 1 1 1 0 0 1 0 0 1 1 1 1 1 0 0 0 0 0 0 0 1 1 0 0 0 0 1 1 0 0 1 0 0 1 0 1 1 0 1 0 1 1 1 1 0 1 0 0 1 0 0 0 1 0 0 0 1 1 0 0 1 0 0 1 0 1 1 0 1 0 0 1 1 0 1 1 0 1 1 1 0 1 0 1 0 1 1 0 1 0 0 1 0 0 0 0 1 0 1 0 1 1 1 0 0 1 1 0 1 0 1 0 0 1 0 0 1 1 0 0 1 1 0 1 0 1 0 1 1 1 0 1 0 0 1 1 1 0 1 0 1 1 0 0 0
F
 312480 534240 413280 50400 504000 141120 322560 80640 352800 241920 514080 554400 594720 241920 453600 574560 10080 332640 322560 413280 100800 413280 463680 292320 413280 151200 60480 312480 403200 161280 20160 564480 504000 473760 131040 50400 221760 252000 40320 161280 10080 272160 534240 594720 241920 493920 201600 201600 211680 191520 221760 282240 594720 151200 604800 231840 50400 383040 181440 30240 453600 181440 453600 493920 473760 463680 463680 574560 60480 80640 574560 403200 171360 393120 70560 272160 141120 120960 524160 161280 473760 312480 362880 584640 110880 80640 10080 473760 342720 292320 181440 171360 413280 473760 40320 90720 50400 211680 584640 362880 262080 161280 20160 50400 312480 131040 110880 443520 252000 211680 463680 252000 221760 544320 262080 80640 131040 80640 524160 181440 352800 594720 272160 383040 322560 90720 372960 413280 90720 40320 403200 191520 584640 493920 362880 342720 10080 524160 383040 141120 211680 40320 211680 40320 120960 443520 362880 211680 80640 151200 211680 463680 383040 534240 584640 504000 473760 231840 110880 362880 20160 604800 312480 100800 100800 151200 60480 151200 171360 453600 403200 211680 272160 131040 574560 524160 181440 352800 544320 362880 262080 463680 10080 211680 90720 221760 493920 403200 201600 564480 554400 100800 171360 292320 292320 90720 594720 473760 90720 211680 514080 483840 493920 604800 372960 80640 594720 453600 352800 221760 282240 161280 463680 594720 282240 594720 524160 473760 131040 252000 10080 342720 594720 514080 423360 181440 443520 80640 554400 393120 483840 433440 252000 483840 90720 80640 453600 302400 342720 362880 282240 231840 544320 181440 332640 312480 524160 544320 403200 514080
M
 5 4 4 6 8 7 6 8 7 7 7 5 7 4 4 7 5 5 5 6 6 5 5 4 4 4 4 5 7 8 8 8 8 4 7 7 7 7 4 4 4 5 4 6 5 5 7 6 7 7 6 6 5 8 7 7 8 6 4 4 7 4 4 7 4 4 5 5 7 5 8 6 7 8 4 4 8 6 4 5 5 7 6 5 6 7 7 8 7 7 6 7 7 7 7 6 5 5 5 8 4 5 4 7 5 5 5 4 6 5 6 8 4 4 7 6 6 4 6 7 4 6 4 6 7 7 8 4 8 6 4 6 4 5 8 4 6 5 8 6 5 4 4 6 6 4 7 6 7 6 5 8 5 8 8 5 7 4 5 8 7 6 5 7 7 6 8 7 6 6 7 8 8 6 8 6 7 7 6 8 8 5 7 6 5 5 8 5 6 6 8 4 5 6 8 6 4 5 6 6 7 7 7 6 4 6 6 8 7 4 7 7 4 4 5 5 8 7 6 4 7 7 5 7 5 6 7 4 4 4 8 8 5 4 6 5 8 8 7 4 8 8 6 7 8 7 6 5 4 6
