## - cloud resource specifications
numberOfClouds 
 3
packagename
 m3.medium m3.large m3.xlarge m3.2xlarge c3.large c3.xlarge c3.2xlarge c3.4xlarge c3.8xlarge r3.large r3.xlarge r3.2xlarge r3.4xlarge r3.8xlarge i2.xlarge i2.2xlarge i2.4xlarge i2.8xlarge n1-standard-1 n1-standard-2 n1-standard-4 n1-standard-8 n1-standard-16 n1-highcpu-2 n1-highcpu-4 n1-highcpu-8 n1-highcpu-16 n1-highmem-2 n1-highmem-4 n1-highmem-8 n1-highmem-16 A0 A1 A2 A3 A4 A5 A6 A7 D1 D2 D3 D4 D11 D12 D13 D14 A10 A11
package
 18 13 18
Gflops
 190 380 760 1520 426 852 1704 3408 6816 380 760 1520 3040 6080 760 1520 3040 6080 159 317 634 1268 2536 317 634 1268 2536 317 634 1268 2536 168 168 335 670 1340 670 1340 2680 335 670 1340 2680 670 1340 2680 5360 3040 6080
ram
 3.75 7.5 15 30 3.75 7.5 15 30 60 15.25 30.5 61 122 244 30.5 61 122 244 3.75 7.5 15 30 60 1.8 3.6 7.2 14.4 13 26 52 104 0.75 1.75 3.5 7.0 14.0 14.0 28.0 56.0 3.5 7.0 14.0 28.0 14.0 28.0 56.0 112.0 56.0 112.0
disk
 4.0 32.0 80.0 160.0 32.0 80.0 160.0 320.0 640.0 32.0 80.0 160.0 320.0 640.0 800.0 1600.0 3200.0 6400.0 100.0 250.0 500.0 750.0 1000.0 250.0 500.0 750.0 1000.0 250.0 500.0 750.0 1000.0 20.0 70.0 135.0 285.0 605.0 135.0 285.0 605.0 50.0 100.0 200.0 400.0 100.0 200.0 400.0 800.0 382.0 382.0
locationProvider
 7 3 8
locationID
 1 1 2 2 3 4 5 1 2 3 1 2 2 3 3 4 4 5
priceOS0
 0.07 0.14 0.28 0.56 0.105 0.21 0.42 0.84 1.68 0.175 0.35 0.7 1.4 2.8 0.853 1.705 3.41 6.82 0.077 0.154 0.308 0.616 0.12 0.239 0.478 0.956 1.912 0.195 0.39 0.78 1.56 3.12 0.938 1.876 3.751 7.502 0.077 0.154 0.308 0.616 0.12 0.239 0.478 0.956 1.912 0.195 0.39 0.78 1.56 3.12 0.938 1.876 3.751 7.502 0.083 0.166 0.332 0.665 0.129 0.258 0.516 1.032 2.064 0.21 0.421 0.842 1.684 3.369 1.013 2.026 4.051 8.102 0.098 0.196 0.392 0.784 0.132 0.265 0.529 1.058 2.117 0.21 0.42 0.84 1.68 3.36 1.018 2.035 4.07 8.14 0.101 0.203 0.405 0.81 0.128 0.255 0.511 1.021 2.043 0.21 0.42 0.84 1.68 3.36 1.001 2.001 4.002 8.004 0.098 0.196 0.392 0.784 0.132 0.265 0.529 1.058 2.117 0.21 0.42 0.84 1.68 3.36 1.018 2.035 4.07 8.14 0.122 0.255 0.510 1.521 2.924 0.275 0.550 1.601 3.084 0.237 0.474 1.449 2.780 0.126 0.263 0.526 1.553 2.988 0.285 0.570 1.641 3.164 0.243 0.486 1.473 2.828 0.126 0.263 0.526 1.553 2.988 0.285 0.570 1.641 3.164 0.243 0.486 1.473 2.828 0.02 0.06 0.12 0.24 0.48 0.25 0.5 1.0 0.094 0.188 0.376 0.752 0.238 0.476 0.857 1.542 1.16 2.08 0.02 0.06 0.12 0.24 0.48 0.248 0.496 0.992 0.094 0.188 0.376 0.752 0.238 0.476 0.857 1.542 1.33 2.39 0.02 0.06 0.12 0.24 0.48 0.27 0.54 1.08 0.115 0.23 0.46 0.92 0.273 0.546 0.983 1.769 1.33 2.39 0.02 0.06 0.12 0.24 0.48 0.294 0.588 1.176 0.138 0.276 0.552 1.104 0.295 0.59 1.062 1.912 1.51 2.7 0.02 0.06 0.12 0.24 0.48 0.27 0.54 1.08 0.12 0.24 0.48 0.96 0.256 0.512 0.922 1.659 1.33 2.39 0.024 0.081 0.162 0.324 0.648 0.281 0.562 1.124 0.142 0.284 0.568 1.136 0.295 0.59 1.062 1.912 1.51 2.7 0.021 0.073 0.146 0.292 0.584 0.258 0.516 1.032 0.123 0.246 0.492 0.984 0.256 0.512 0.922 1.659 1.33 2.39 0.029 0.071 0.142 0.284 0.568 0.278 0.556 1.112 0.12 0.239 0.478 0.956 0.256 0.512 0.922 1.66 1.33 2.39
priceOS1
 0.133 0.266 0.532 1.064 0.188 0.376 0.752 1.504 3.008 0.3 0.6 1.08 1.944 3.5 0.973 1.946 3.891 7.782 0.133 0.266 0.532 1.064 0.188 0.376 0.752 1.504 3.008 0.3 0.6 1.08 1.944 3.5 0.973 1.946 3.891 7.782 0.14 0.28 0.56 1.12 0.188 0.376 0.752 1.504 3.008 0.33 0.652 1.173 2.111 3.8 1.058 2.116 4.232 8.464 0.146 0.292 0.584 1.169 0.212 0.424 0.848 1.696 3.392 0.335 0.671 1.222 2.228 4.069 1.133 2.267 4.532 9.064 0.161 0.322 0.644 1.288 0.238 0.477 0.935 1.906 3.813 0.323 0.646 1.192 2.447 4.6 1.169 2.337 4.674 9.348 0.151 0.302 0.603 1.206 0.231 0.462 0.925 1.849 3.699 0.31 0.62 1.219 2.276 4.25 1.113 2.226 4.451 8.903 0.161 0.322 0.644 1.288 0.238 0.477 0.935 1.906 3.813 0.323 0.646 1.192 2.447 4.6 1.169 2.337 4.674 9.348 0.102 0.215 0.430 0.801 1.484 0.235 0.470 0.881 1.644 0.197 0.394 0.729 1.340 0.106 0.223 0.446 0.833 1.548 0.245 0.490 0.921 1.724 0.203 0.406 0.753 1.388 0.106 0.223 0.446 0.833 1.548 0.245 0.490 0.921 1.724 0.203 0.406 0.753 1.388 0.02 0.09 0.18 0.36 0.72 0.33 0.66 1.32 0.171 0.342 0.684 1.368 0.403 0.806 1.451 2.611 1.64 3.04 0.02 0.09 0.18 0.36 0.72 0.3 0.6 1.2 0.159 0.318 0.636 1.272 0.366 0.732 1.318 2.372 1.89 3.5 0.02 0.09 0.18 0.36 0.72 0.34 0.68 1.36 0.183 0.366 0.732 1.464 0.421 0.842 1.516 2.728 1.89 3.5 0.02 0.09 0.18 0.36 0.72 0.36 0.72 1.44 0.224 0.448 0.896 1.792 0.453 0.906 1.631 2.935 2.13 3.95 0.02 0.09 0.18 0.36 0.72 0.32 0.64 1.28 0.195 0.39 0.78 1.56 0.394 0.788 1.418 2.553 1.89 3.5 0.024 0.106 0.212 0.424 0.848 0.35 0.7 1.4 0.211 0.422 0.844 1.688 0.436 0.872 1.57 2.825 2.13 3.95 0.021 0.095 0.19 0.38 0.76 0.31 0.62 1.24 0.183 0.366 0.732 1.464 0.378 0.756 1.361 2.449 1.89 3.5 0.029 0.113 0.226 0.452 0.904 0.349 0.698 1.396 0.196 0.393 0.786 1.571 0.394 0.788 1.419 2.554 1.89 3.5
# - client 2 requirements:
N
500
Tf
 3 5 3 2 3 2 3 4 3 2 4 4 4 2 3 4 4 5 3 5 4 2 3 3 2 2 3 5 4 2 3 5 5 5 5 5 3 2 2 5 2 2 3 3 2 4 4 4 2 4 5 4 2 3 5 4 5 2 5 5 5 2 4 4 5 5 2 3 3 4 2 2 2 3 2 2 4 4 2 4 3 5 3 4 4 2 4 3 2 5 5 5 4 2 3 4 2 3 4 5 3 3 4 4 3 2 2 2 4 5 3 3 4 3 4 5 4 4 4 5 3 4 2 2 3 5 5 2 2 2 4 3 3 4 5 3 3 3 5 4 3 5 2 4 3 3 5 2 4 2 4 4 3 5 4 4 4 2 4 5 3 2 2 5 2 5 4 5 3 3 5 4 4 3 2 3 4 5 5 5 4 5 4 5 2 5 3 5 4 3 3 3 3 4 3 2 4 5 4 2 2 3 4 3 3 4 2 3 5 3 3 2 3 3 5 3 2 5 4 4 2 4 4 3 5 4 2 3 3 2 5 3 5 4 4 5 4 2 4 2 5 3 5 3 4 4 2 5 4 3 5 3 5 3 2 3 4 5 4 2 4 5 3 5 2 4 4 5 4 2 4 5 5 5 2 3 3 4 3 5 2 5 3 2 5 4 4 4 4 4 4 4 3 3 2 5 2 3 2 4 5 2 5 3 2 3 4 2 5 3 4 3 5 3 2 4 3 4 2 4 5 5 5 2 5 3 3 3 3 5 2 5 5 4 2 2 3 3 3 3 4 5 3 4 4 2 4 2 2 5 4 5 2 5 4 2 2 5 3 4 3 2 3 5 5 5 3 2 3 2 3 5 2 3 5 2 4 2 5 3 2 4 3 5 5 5 2 3 5 3 5 5 3 5 2 2 5 4 3 2 5 5 3 4 3 2 2 5 2 4 5 5 3 5 4 3 3 2 2 5 3 5 2 2 3 3 4 3 3 5 5 3 3 4 5 5 2 3 4 5 5 4 4 5 3 2 4 4 3 3 3 3 4 5 4 4 2 2 4 4 4 3 2 2 5 2 2 4 5 2 3 2 5 2 5 2 2 5 2 3 5 2 4 4 2 2 4 2 2 2 2 4 2 5 3 5 2 2 3 5
C
 89.90 81.20 24.65 87.00 87.00 98.60 98.60 42.05 59.45 27.55 85.55 30.45 104.40 30.45 97.15 47.85 43.50 30.45 69.60 63.80 60.90 59.45 44.95 50.75 39.15 88.45 33.35 91.35 60.90 31.90 92.80 23.20 92.80 75.40 7.25 81.20 18.85 39.15 5.80 18.85 78.30 101.50 27.55 29.00 24.65 79.75 87.00 2.90 49.30 89.90 17.40 47.85 17.40 47.85 87.00 88.45 2.90 79.75 15.95 17.40 11.60 69.60 84.10 66.70 91.35 82.65 42.05 23.20 8.70 46.40 78.30 49.30 27.55 72.50 20.30 65.25 42.05 4.35 33.35 73.95 89.90 4.35 44.95 95.70 37.70 87.00 10.15 87.00 94.25 46.40 46.40 104.40 21.75 68.15 46.40 89.90 88.45 87.00 23.20 58.00 92.80 44.95 34.80 50.75 50.75 91.35 15.95 68.15 55.10 97.15 33.35 2.90 85.55 42.05 50.75 39.15 13.05 59.45 33.35 36.25 33.35 46.40 82.65 42.05 76.85 40.60 24.65 85.55 39.15 39.15 89.90 8.70 95.70 56.55 50.75 50.75 82.65 5.80 101.50 81.20 81.20 92.80 85.55 43.50 66.70 46.40 56.55 27.55 63.80 78.30 13.05 42.05 94.25 56.55 78.30 39.15 58.00 100.05 62.35 59.45 97.15 11.60 76.85 33.35 2.90 65.25 42.05 10.15 59.45 88.45 4.35 44.95 43.50 31.90 68.15 7.25 26.10 63.80 42.05 4.35 36.25 30.45 63.80 84.10 4.35 40.60 94.25 87.00 88.45 102.95 63.80 71.05 84.10 47.85 33.35 97.15 59.45 2.90 81.20 66.70 85.55 24.65 88.45 36.25 63.80 88.45 5.80 101.50 27.55 66.70 98.60 24.65 34.80 68.15 69.60 36.25 89.90 104.40 69.60 66.70 88.45 7.25 69.60 73.95 39.15 95.70 87.00 49.30 65.25 39.15 36.25 39.15 69.60 21.75 101.50 46.40 47.85 49.30 21.75 47.85 97.15 55.10 8.70 18.85 4.35 43.50 43.50 85.55 4.35 27.55 29.00 24.65 73.95 10.15 11.60 29.00 40.60 84.10 84.10 56.55 68.15 76.85 87.00 24.65 21.75 94.25 11.60 30.45 53.65 40.60 94.25 50.75 7.25 100.05 26.10 49.30 53.65 27.55 24.65 27.55 23.20 55.10 31.90 63.80 72.50 15.95 49.30 76.85 94.25 63.80 7.25 97.15 42.05 94.25 13.05 60.90 44.95 102.95 31.90 92.80 52.20 30.45 17.40 71.05 98.60 24.65 8.70 2.90 76.85 104.40 49.30 23.20 102.95 11.60 33.35 26.10 89.90 2.90 21.75 2.90 43.50 81.20 2.90 33.35 78.30 95.70 75.40 46.40 46.40 33.35 24.65 33.35 53.65 39.15 60.90 29.00 87.00 52.20 36.25 102.95 37.70 100.05 76.85 20.30 17.40 87.00 46.40 2.90 59.45 69.60 75.40 40.60 10.15 72.50 52.20 87.00 49.30 59.45 76.85 24.65 85.55 33.35 100.05 100.05 72.50 98.60 39.15 92.80 92.80 29.00 68.15 33.35 71.05 92.80 85.55 36.25 95.70 10.15 14.50 91.35 23.20 18.85 72.50 73.95 5.80 95.70 4.35 56.55 17.40 88.45 34.80 69.60 87.00 2.90 84.10 33.35 76.85 11.60 101.50 42.05 85.55 2.90 59.45 36.25 68.15 98.60 97.15 27.55 43.50 47.85 43.50 23.20 43.50 89.90 18.85 39.15 40.60 42.05 65.25 92.80 101.50 36.25 17.40 78.30 23.20 17.40 21.75 98.60 44.95 43.50 17.40 7.25 104.40 65.25 39.15 95.70 69.60 5.80 76.85 26.10 94.25 50.75 24.65 102.95 89.90 62.35 39.15 50.75 44.95 20.30 33.35 65.25 89.90 20.30 15.95 7.25 68.15 68.15 33.35 84.10 78.30 43.50 4.35 24.65 56.55 76.85 79.75 63.80 82.65 5.80 81.20 62.35 95.70 104.40 84.10 102.95 30.45 102.95 53.65 92.80 26.10 73.95 82.65 26.10 33.35 34.80 95.70 29.00 60.90 18.85 58.00 75.40 44.95 85.55 5.80 91.35 36.25 24.65 18.85 49.30
LO
 2 1 3 3 5 5 2 5 3 5 3 1 3 4 3 2 3 4 3 4 3 1 3 2 4 2 3 1 0 2 5 0 2 2 3 3 5 4 3 1 1 2 0 2 4 0 4 4 0 1 0 3 2 4 1 1 4 2 1 3 0 5 3 0 5 3 2 1 2 0 2 5 4 0 2 2 2 1 2 0 0 5 2 0 1 4 5 2 0 3 3 4 3 5 4 4 2 4 0 3 3 2 2 4 3 1 0 2 0 1 1 1 3 4 0 1 3 3 3 3 2 5 1 3 3 1 2 3 1 3 3 1 0 3 3 1 0 0 4 4 1 3 3 3 2 1 2 4 3 4 1 1 3 5 0 1 1 2 1 0 4 3 2 5 2 1 0 4 2 3 2 2 2 4 1 1 2 1 4 3 2 2 2 5 3 1 1 2 3 0 1 0 3 5 4 5 1 5 4 0 3 2 4 2 0 0 2 1 4 0 4 0 5 1 2 0 4 1 0 2 4 5 4 4 2 1 0 1 5 1 1 1 3 2 5 2 3 4 1 4 3 0 2 0 0 2 1 3 0 3 3 3 1 0 4 5 1 0 4 5 1 4 2 2 0 4 0 4 2 0 2 0 5 0 1 0 4 3 4 2 5 5 4 5 1 0 5 1 3 0 0 0 4 1 2 5 4 2 2 4 5 1 2 0 5 4 4 4 4 1 4 2 5 1 3 1 4 3 1 2 4 1 0 2 0 0 5 3 4 0 5 3 0 0 2 1 3 2 4 3 3 2 4 5 5 5 5 4 3 0 2 3 0 2 5 0 4 4 2 3 2 1 3 5 5 5 2 4 3 5 3 3 4 0 0 4 1 4 4 0 5 5 4 2 3 3 1 0 5 1 4 0 0 3 0 1 2 5 3 2 5 2 5 0 0 5 5 4 3 1 3 0 5 0 1 3 5 1 2 1 4 5 5 5 4 4 4 1 2 4 2 0 4 3 2 1 5 0 2 2 0 3 2 3 0 5 5 1 5 0 3 3 0 2 0 1 4 3 0 1 5 4 2 5 4 2 3 0 4 5 3 4 5 5 1 5 5 3 2 2 3 4 4 2 4 0 2 3 3 1 5 0 2 0 3 0 5 0 3 4
D
 166 258 354 184 617 621 537 675 736 134 400 114 107 261 814 484 763 280 551 785 684 617 548 976 987 161 804 741 604 833 729 814 452 724 894 275 344 818 782 655 205 345 687 437 248 810 363 920 506 462 754 436 363 973 311 378 231 509 185 633 234 859 650 849 305 555 314 274 809 117 983 288 895 697 232 208 623 854 850 220 229 764 902 104 688 508 976 925 509 348 826 666 358 614 738 541 534 647 395 362 611 624 902 422 683 633 916 630 574 645 808 489 656 226 853 546 170 536 399 182 608 189 874 525 118 612 907 710 287 236 747 293 394 846 296 693 118 899 806 850 216 398 311 365 700 235 697 519 357 850 998 229 864 729 111 190 321 863 857 484 982 326 763 609 712 494 113 386 564 163 614 100 274 159 540 589 949 537 765 688 129 407 353 816 657 470 344 813 707 467 218 275 849 328 917 471 535 620 755 350 643 774 659 553 334 853 575 988 612 355 171 395 123 419 276 966 674 178 958 481 936 109 620 159 806 876 305 486 584 835 277 586 964 718 325 400 989 925 110 210 211 112 843 481 682 156 132 574 684 928 746 148 775 217 298 325 608 171 123 347 668 855 449 696 547 708 681 266 790 172 637 678 159 427 428 459 329 540 535 237 575 622 605 562 390 824 232 244 371 680 710 277 969 965 800 505 618 813 895 763 696 331 207 733 590 548 617 240 697 797 568 481 496 573 801 638 724 391 416 510 438 690 300 860 340 168 773 247 124 776 165 149 325 303 179 352 956 642 458 125 514 743 591 733 995 360 606 361 698 557 444 377 312 395 576 987 948 465 985 602 993 698 380 842 798 390 456 684 579 810 831 226 598 376 395 374 112 986 900 614 784 820 181 988 180 343 685 526 914 136 301 540 625 588 506 134 305 307 983 651 480 380 595 574 906 273 509 751 404 445 144 923 109 947 473 700 553 625 492 459 495 637 400 377 437 903 968 869 744 791 752 852 762 528 525 642 167 508 966 254 624 345 838 766 545 547 710 290 922 508 998 238 809 994 476 544 722 736 678 910 789 461 379 968 754 558 446 165 793 662 528 257 301 415 617 560 989 644 586 862 421 621 160 464 438 125 608 202 175 915 170 169 922 814 654 232 130 505 281 880
OS
 0 0 0 0 0 1 1 0 0 0 0 0 1 0 0 1 0 0 0 1 1 1 1 0 1 0 0 1 0 1 1 0 0 0 0 1 1 1 0 0 1 1 0 0 1 0 1 0 1 1 1 1 0 1 1 0 1 0 1 0 0 0 1 1 0 1 1 0 1 0 1 1 0 1 0 1 0 1 0 0 1 0 1 0 0 1 0 0 0 1 1 0 1 0 0 0 0 0 1 0 1 1 0 1 0 1 1 0 0 0 0 1 1 0 1 0 1 0 0 0 1 1 0 1 1 1 1 1 1 0 0 1 0 1 0 1 0 0 0 1 1 1 1 1 1 0 1 0 0 0 0 0 0 1 1 0 0 0 0 0 1 1 0 0 0 1 1 0 1 1 0 0 0 1 0 1 1 1 0 1 0 1 0 0 1 0 1 1 1 0 1 1 0 0 1 1 1 0 0 1 0 0 0 1 0 1 0 0 0 1 0 1 0 0 1 0 1 0 0 1 0 1 0 1 0 1 0 0 1 1 0 0 0 1 0 1 1 1 1 1 0 0 0 1 0 0 0 0 1 0 0 1 1 0 1 0 0 1 1 0 1 0 0 0 0 1 0 1 1 1 0 0 1 1 0 1 0 1 1 0 1 0 0 1 1 1 0 1 0 1 1 1 1 0 0 0 0 0 1 1 0 1 1 0 0 1 0 1 0 0 0 1 1 1 1 0 0 0 0 0 0 0 0 1 0 1 1 0 1 1 0 0 0 0 0 0 0 0 1 1 1 1 1 1 0 1 1 0 1 0 0 0 1 1 1 1 1 0 0 0 1 0 0 0 1 1 0 0 0 1 0 1 0 0 0 1 0 0 0 0 1 1 1 1 1 0 1 1 0 1 0 0 0 0 1 0 1 0 0 1 1 1 0 1 1 1 1 1 1 0 1 0 0 1 1 1 0 1 0 1 0 1 1 0 0 0 1 1 1 1 1 0 1 0 1 0 1 0 1 1 1 0 1 0 1 1 0 1 1 1 1 0 1 0 1 1 0 1 1 1 0 1 1 1 1 0 1 0 0 0 1 1 1 0 1 0 0 0 1 1 0 1 0 1 1 1 0 1 1 1 1 0 0 1 0 0 1 0 1 1
F
 37356480 33505920 9979200 35915040 35915040 40783680 41045760 17488800 24504480 11198880 35491680 12398400 43313760 12600000 40118400 19787040 17680320 12670560 28496160 26036640 24988320 24776640 18295200 21077280 15845760 36842400 13345920 37890720 25371360 12771360 38152800 9354240 38465280 31379040 2489760 33727680 7368480 15966720 2066400 7398720 32064480 41892480 11279520 11662560 10251360 32679360 35794080 1179360 20149920 37477440 6985440 19414080 6713280 19605600 36177120 36711360 937440 32870880 6058080 6652800 4475520 28526400 34886880 27236160 38011680 33959520 17508960 9646560 3558240 18920160 32407200 20270880 11370240 29715840 7892640 26974080 17297280 1411200 13416480 30421440 36973440 1300320 18506880 39352320 15200640 35965440 3880800 36005760 38858400 19111680 18990720 43051680 9061920 28334880 19111680 37396800 36348480 36267840 9414720 24141600 38455200 18486720 14434560 20996640 20835360 37920960 6320160 28294560 22569120 39947040 13779360 1169280 35189280 17277120 20895840 16208640 5009760 24333120 13547520 14898240 13436640 19121760 34020000 17297280 31469760 16329600 9797760 35249760 16007040 16128000 37013760 3447360 39533760 23425920 20613600 21016800 33999840 1874880 42255360 33757920 33495840 38445120 35280000 17912160 27699840 19283040 23063040 11118240 26177760 32286240 5332320 17458560 39120480 23113440 32124960 15795360 23778720 41348160 25764480 24554880 40037760 4576320 31772160 13356000 665280 27115200 17277120 3880800 24685920 36560160 1612800 18456480 17922240 13003200 28193760 2600640 10815840 26449920 17136000 1290240 14767200 12539520 26046720 34917120 1562400 16390080 38918880 36076320 36600480 42436800 26308800 29100960 35007840 19928160 13668480 40440960 24232320 1159200 33808320 27780480 35300160 10069920 36408960 15039360 26349120 36781920 2126880 41741280 11481120 27679680 40793760 9898560 14182560 28153440 28496160 14696640 37376640 43354080 28536480 27659520 36802080 2882880 28486080 30663360 15966720 39352320 35854560 19968480 26742240 15946560 14787360 15845760 28758240 8678880 41852160 18809280 19807200 20028960 8799840 19514880 40138560 22770720 3608640 7338240 1401120 18053280 18012960 35219520 1219680 11198880 11833920 9928800 30683520 4052160 4697280 11531520 16339680 34876800 34957440 23184000 27911520 31963680 36106560 9848160 8668800 38939040 4404960 12116160 22226400 16390080 38858400 21036960 2570400 41267520 10452960 20543040 22286880 11329920 10080000 11299680 9505440 22740480 12700800 26197920 30088800 6068160 20190240 31792320 38888640 26520480 2983680 40037760 17337600 39251520 4929120 25089120 18335520 42708960 13204800 38203200 21288960 12569760 7237440 29413440 40612320 10180800 3175200 1018080 31701600 43152480 20321280 9616320 42487200 4586400 13880160 10785600 37336320 715680 8638560 1169280 17771040 33576480 816480 13476960 32205600 39322080 31217760 18779040 19152000 13779360 10100160 13557600 22125600 16198560 25139520 11884320 36056160 21218400 14847840 42346080 15251040 41539680 31883040 8134560 6854400 36187200 18950400 614880 24595200 28546560 31308480 16712640 3820320 29685600 21551040 36046080 20200320 24585120 31701600 10190880 35209440 13426560 41690880 41660640 29665440 41065920 16238880 38586240 38505600 11763360 28143360 13577760 29201760 38162880 35128800 14938560 39735360 4032000 5735520 37991520 9485280 7680960 29907360 30280320 1824480 39735360 1632960 23466240 7217280 36882720 14011200 28455840 35794080 977760 34584480 13890240 31661280 4687200 41973120 17095680 35350560 887040 24444000 14595840 28415520 40743360 39997440 11269440 17559360 19857600 17660160 9545760 17972640 37376640 7418880 16289280 16853760 17297280 27004320 38525760 41771520 15029280 7126560 32558400 9334080 6924960 8507520 40763520 18244800 17589600 7076160 2499840 43505280 27205920 15996960 39604320 28627200 2268000 31731840 10342080 38797920 21127680 10009440 42456960 37406880 25925760 15976800 20734560 18164160 8195040 13809600 27165600 37195200 8094240 6622560 2580480 28103040 28123200 13315680 34977600 32417280 18012960 1481760 10029600 23546880 31953600 32951520 26006400 34211520 2288160 33687360 25532640 39684960 43414560 34725600 42527520 12277440 42668640 22044960 38616480 10654560 30643200 34040160 10442880 13728960 14343840 39513600 11652480 24927840 7731360 23718240 31268160 18224640 35663040 2247840 37588320 14948640 9989280 7358400 20452320
M
 2 3 1 3 1 4 3 3 2 2 4 2 3 4 2 1 4 4 3 1 3 2 3 2 4 1 1 2 4 4 3 2 2 1 3 2 1 2 2 4 4 4 3 2 3 2 2 4 2 1 1 2 1 3 2 4 1 1 3 2 4 2 3 2 4 3 4 2 4 3 2 2 1 1 2 3 4 1 3 4 2 1 2 2 3 1 2 1 3 1 1 3 1 4 1 1 3 3 1 4 1 1 1 1 4 3 3 4 1 2 1 4 2 4 1 4 3 4 3 4 1 1 2 3 3 4 2 3 2 2 1 2 4 1 2 4 1 4 1 1 2 1 1 2 2 4 2 4 4 3 3 3 2 2 2 1 4 3 1 2 1 1 2 4 2 4 4 4 3 4 2 1 3 3 4 4 1 1 1 2 1 4 3 3 4 2 4 1 4 1 3 4 1 2 2 2 3 3 4 1 2 1 4 1 2 1 4 3 4 1 1 2 4 2 4 2 2 4 1 3 3 2 1 4 4 1 1 4 3 1 1 1 1 4 4 3 2 1 2 4 1 3 4 2 2 4 3 4 1 3 2 4 4 3 4 4 1 4 2 3 4 3 2 3 4 1 2 3 2 4 1 4 4 4 2 4 4 4 1 2 2 1 4 4 4 3 1 1 2 1 1 3 3 2 3 4 3 1 1 2 3 1 4 2 1 3 1 4 4 2 1 1 4 2 3 3 4 3 2 4 1 2 2 2 4 1 2 1 1 3 2 3 4 4 1 1 3 2 2 1 3 3 3 3 3 1 4 2 3 3 4 2 3 4 4 2 4 1 4 4 2 2 2 2 1 1 2 4 1 3 4 3 4 1 3 1 4 1 3 3 3 3 3 3 3 4 3 3 4 2 1 3 2 1 3 3 1 2 3 3 4 2 3 1 1 4 2 2 3 4 3 2 2 4 2 3 4 2 4 4 1 1 4 4 2 4 4 3 2 3 1 3 2 1 3 2 1 1 2 1 4 1 3 3 1 3 2 4 1 3 1 4 2 1 4 2 1 2 2 4 4 2 4 2 2 1 1 1 3 2 2 2 3 3 1 1 4 2 1 3 4 2 4 2 4 4 4 4 2 4 3 2 3 2 1 2 3 4 2 4
