## - cloud resource specifications
numberOfClouds 
 3
packagename
 m3.medium m3.large m3.xlarge m3.2xlarge c3.large c3.xlarge c3.2xlarge c3.4xlarge c3.8xlarge r3.large r3.xlarge r3.2xlarge r3.4xlarge r3.8xlarge i2.xlarge i2.2xlarge i2.4xlarge i2.8xlarge n1-standard-1 n1-standard-2 n1-standard-4 n1-standard-8 n1-standard-16 n1-highcpu-2 n1-highcpu-4 n1-highcpu-8 n1-highcpu-16 n1-highmem-2 n1-highmem-4 n1-highmem-8 n1-highmem-16 A0 A1 A2 A3 A4 A5 A6 A7 D1 D2 D3 D4 D11 D12 D13 D14 A10 A11
package
 18 13 18
Gflops
 190 380 760 1520 426 852 1704 3408 6816 380 760 1520 3040 6080 760 1520 3040 6080 159 317 634 1268 2536 317 634 1268 2536 317 634 1268 2536 168 168 335 670 1340 670 1340 2680 335 670 1340 2680 670 1340 2680 5360 3040 6080
ram
 3.75 7.5 15 30 3.75 7.5 15 30 60 15.25 30.5 61 122 244 30.5 61 122 244 3.75 7.5 15 30 60 1.8 3.6 7.2 14.4 13 26 52 104 0.75 1.75 3.5 7.0 14.0 14.0 28.0 56.0 3.5 7.0 14.0 28.0 14.0 28.0 56.0 112.0 56.0 112.0
disk
 4.0 32.0 80.0 160.0 32.0 80.0 160.0 320.0 640.0 32.0 80.0 160.0 320.0 640.0 800.0 1600.0 3200.0 6400.0 100.0 250.0 500.0 750.0 1000.0 250.0 500.0 750.0 1000.0 250.0 500.0 750.0 1000.0 20.0 70.0 135.0 285.0 605.0 135.0 285.0 605.0 50.0 100.0 200.0 400.0 100.0 200.0 400.0 800.0 382.0 382.0
locationProvider
 7 3 8
locationID
 1 1 2 2 3 4 5 1 2 3 1 2 2 3 3 4 4 5
priceOS0
 0.07 0.14 0.28 0.56 0.105 0.21 0.42 0.84 1.68 0.175 0.35 0.7 1.4 2.8 0.853 1.705 3.41 6.82 0.077 0.154 0.308 0.616 0.12 0.239 0.478 0.956 1.912 0.195 0.39 0.78 1.56 3.12 0.938 1.876 3.751 7.502 0.077 0.154 0.308 0.616 0.12 0.239 0.478 0.956 1.912 0.195 0.39 0.78 1.56 3.12 0.938 1.876 3.751 7.502 0.083 0.166 0.332 0.665 0.129 0.258 0.516 1.032 2.064 0.21 0.421 0.842 1.684 3.369 1.013 2.026 4.051 8.102 0.098 0.196 0.392 0.784 0.132 0.265 0.529 1.058 2.117 0.21 0.42 0.84 1.68 3.36 1.018 2.035 4.07 8.14 0.101 0.203 0.405 0.81 0.128 0.255 0.511 1.021 2.043 0.21 0.42 0.84 1.68 3.36 1.001 2.001 4.002 8.004 0.098 0.196 0.392 0.784 0.132 0.265 0.529 1.058 2.117 0.21 0.42 0.84 1.68 3.36 1.018 2.035 4.07 8.14 0.122 0.255 0.510 1.521 2.924 0.275 0.550 1.601 3.084 0.237 0.474 1.449 2.780 0.126 0.263 0.526 1.553 2.988 0.285 0.570 1.641 3.164 0.243 0.486 1.473 2.828 0.126 0.263 0.526 1.553 2.988 0.285 0.570 1.641 3.164 0.243 0.486 1.473 2.828 0.02 0.06 0.12 0.24 0.48 0.25 0.5 1.0 0.094 0.188 0.376 0.752 0.238 0.476 0.857 1.542 1.16 2.08 0.02 0.06 0.12 0.24 0.48 0.248 0.496 0.992 0.094 0.188 0.376 0.752 0.238 0.476 0.857 1.542 1.33 2.39 0.02 0.06 0.12 0.24 0.48 0.27 0.54 1.08 0.115 0.23 0.46 0.92 0.273 0.546 0.983 1.769 1.33 2.39 0.02 0.06 0.12 0.24 0.48 0.294 0.588 1.176 0.138 0.276 0.552 1.104 0.295 0.59 1.062 1.912 1.51 2.7 0.02 0.06 0.12 0.24 0.48 0.27 0.54 1.08 0.12 0.24 0.48 0.96 0.256 0.512 0.922 1.659 1.33 2.39 0.024 0.081 0.162 0.324 0.648 0.281 0.562 1.124 0.142 0.284 0.568 1.136 0.295 0.59 1.062 1.912 1.51 2.7 0.021 0.073 0.146 0.292 0.584 0.258 0.516 1.032 0.123 0.246 0.492 0.984 0.256 0.512 0.922 1.659 1.33 2.39 0.029 0.071 0.142 0.284 0.568 0.278 0.556 1.112 0.12 0.239 0.478 0.956 0.256 0.512 0.922 1.66 1.33 2.39
priceOS1
 0.133 0.266 0.532 1.064 0.188 0.376 0.752 1.504 3.008 0.3 0.6 1.08 1.944 3.5 0.973 1.946 3.891 7.782 0.133 0.266 0.532 1.064 0.188 0.376 0.752 1.504 3.008 0.3 0.6 1.08 1.944 3.5 0.973 1.946 3.891 7.782 0.14 0.28 0.56 1.12 0.188 0.376 0.752 1.504 3.008 0.33 0.652 1.173 2.111 3.8 1.058 2.116 4.232 8.464 0.146 0.292 0.584 1.169 0.212 0.424 0.848 1.696 3.392 0.335 0.671 1.222 2.228 4.069 1.133 2.267 4.532 9.064 0.161 0.322 0.644 1.288 0.238 0.477 0.935 1.906 3.813 0.323 0.646 1.192 2.447 4.6 1.169 2.337 4.674 9.348 0.151 0.302 0.603 1.206 0.231 0.462 0.925 1.849 3.699 0.31 0.62 1.219 2.276 4.25 1.113 2.226 4.451 8.903 0.161 0.322 0.644 1.288 0.238 0.477 0.935 1.906 3.813 0.323 0.646 1.192 2.447 4.6 1.169 2.337 4.674 9.348 0.102 0.215 0.430 0.801 1.484 0.235 0.470 0.881 1.644 0.197 0.394 0.729 1.340 0.106 0.223 0.446 0.833 1.548 0.245 0.490 0.921 1.724 0.203 0.406 0.753 1.388 0.106 0.223 0.446 0.833 1.548 0.245 0.490 0.921 1.724 0.203 0.406 0.753 1.388 0.02 0.09 0.18 0.36 0.72 0.33 0.66 1.32 0.171 0.342 0.684 1.368 0.403 0.806 1.451 2.611 1.64 3.04 0.02 0.09 0.18 0.36 0.72 0.3 0.6 1.2 0.159 0.318 0.636 1.272 0.366 0.732 1.318 2.372 1.89 3.5 0.02 0.09 0.18 0.36 0.72 0.34 0.68 1.36 0.183 0.366 0.732 1.464 0.421 0.842 1.516 2.728 1.89 3.5 0.02 0.09 0.18 0.36 0.72 0.36 0.72 1.44 0.224 0.448 0.896 1.792 0.453 0.906 1.631 2.935 2.13 3.95 0.02 0.09 0.18 0.36 0.72 0.32 0.64 1.28 0.195 0.39 0.78 1.56 0.394 0.788 1.418 2.553 1.89 3.5 0.024 0.106 0.212 0.424 0.848 0.35 0.7 1.4 0.211 0.422 0.844 1.688 0.436 0.872 1.57 2.825 2.13 3.95 0.021 0.095 0.19 0.38 0.76 0.31 0.62 1.24 0.183 0.366 0.732 1.464 0.378 0.756 1.361 2.449 1.89 3.5 0.029 0.113 0.226 0.452 0.904 0.349 0.698 1.396 0.196 0.393 0.786 1.571 0.394 0.788 1.419 2.554 1.89 3.5
# - client 2 requirements:
N
250
Tf
 3 2 4 4 5 4 3 5 3 5 5 2 4 5 4 2 5 2 4 3 4 2 2 2 3 3 2 3 2 5 2 2 2 3 3 4 4 2 3 5 2 2 3 4 3 2 4 4 3 4 5 3 5 3 2 2 3 3 3 2 4 4 5 4 2 4 2 2 3 4 5 5 3 5 5 3 3 3 5 5 3 5 5 2 2 4 2 4 5 5 2 3 3 5 5 5 2 2 2 3 4 2 4 5 4 5 5 5 5 2 2 5 2 4 5 3 3 5 3 2 4 2 5 2 3 4 5 5 4 4 2 4 5 5 4 3 4 5 4 3 5 2 3 5 2 4 4 3 2 3 5 4 3 2 3 5 3 3 3 3 2 3 5 3 4 5 5 2 4 4 2 2 3 5 2 2 2 5 4 4 5 4 3 2 4 2 2 2 4 2 2 3 4 4 2 3 3 5 3 2 5 5 5 5 5 5 4 2 3 4 4 2 5 3 4 3 2 4 5 4 2 2 5 4 2 3 3 4 2 4 2 2 4 4 3 5 3 2 5 5 2 3 2 5 3 2 4 2 2 2
C
 0.56 0.56 0.56 0.56 0.56 0.56 0.56 0.56 0.56 0.56 0.56 0.56 0.56 0.56 0.56 0.56 0.56 0.56 0.56 0.56 0.56 0.56 0.56 0.56 0.56 0.56 0.56 0.56 0.56 0.56 0.56 0.56 0.56 0.56 0.56 0.56 0.56 0.56 0.56 0.56 0.56 0.56 0.56 0.56 0.56 0.56 0.56 0.56 0.56 0.56 0.56 0.56 0.56 0.56 0.56 0.56 0.56 0.56 0.56 0.56 0.56 0.56 0.56 0.56 1.12 0.56 0.56 0.56 0.56 0.56 0.56 0.56 0.56 0.56 0.56 0.56 0.56 1.12 0.56 0.56 0.56 0.56 0.56 0.56 0.56 0.56 0.56 0.56 0.56 0.56 0.56 0.56 0.56 0.56 0.56 0.56 0.56 0.56 0.56 0.56 0.56 0.56 0.56 0.56 0.56 0.56 0.56 0.56 0.56 0.56 0.56 0.56 0.56 0.56 0.56 0.56 0.56 0.56 0.56 0.56 0.56 0.56 0.56 0.56 0.56 0.56 0.56 0.56 0.56 0.56 0.56 0.56 0.56 0.56 0.56 0.56 0.56 0.56 0.56 0.56 1.12 0.56 0.56 0.56 0.56 0.56 0.56 0.56 0.56 0.56 0.56 0.56 0.56 0.56 0.56 0.56 0.56 0.56 0.56 0.56 0.56 0.56 0.56 0.56 0.56 0.56 0.56 0.56 0.56 0.56 0.56 0.56 0.56 0.56 0.56 0.56 0.56 0.56 0.56 0.56 0.56 0.56 0.56 0.56 0.56 0.56 0.56 0.56 0.56 0.56 0.56 0.56 0.56 0.56 0.56 0.56 0.56 0.56 0.56 0.56 0.56 0.56 0.56 0.56 0.56 0.56 0.56 0.56 0.56 0.56 0.56 0.56 0.56 0.56 0.56 0.56 0.56 0.56 0.56 0.56 1.12 0.56 0.56 0.56 0.56 0.56 0.56 0.56 0.56 0.56 0.56 0.56 0.56 0.56 0.56 0.56 0.56 0.56 0.56 0.56 0.56 0.56 0.56 0.56 1.12 0.56 0.56 0.56 0.56 0.56
LO
 2 4 4 4 0 4 4 5 4 1 3 5 4 2 4 1 1 0 0 0 3 0 1 2 5 5 5 1 1 5 4 5 4 3 4 4 1 5 2 0 5 3 0 1 0 4 1 2 0 2 0 4 4 2 0 4 0 1 2 4 2 2 5 1 0 5 0 3 5 4 2 3 2 4 3 5 5 1 4 4 3 4 0 2 1 1 0 2 1 0 2 5 1 1 4 0 0 2 1 3 1 1 1 4 4 4 2 5 2 5 3 1 4 4 5 0 1 3 5 5 1 1 1 4 1 5 4 5 2 2 3 0 2 4 3 4 5 1 2 1 0 4 1 0 1 2 3 2 2 5 1 3 0 0 3 5 1 5 5 3 5 4 0 3 3 3 0 2 0 3 5 3 5 2 5 5 1 4 2 4 5 4 1 3 4 5 1 2 0 4 2 5 3 1 4 1 0 1 4 5 5 1 1 3 4 2 5 5 0 5 0 2 3 0 0 5 1 5 4 5 5 3 4 2 4 1 1 4 0 3 1 4 1 3 5 0 3 0 0 2 2 1 0 2 2 2 1 2 5 5
D
 778 357 621 608 952 144 898 385 825 370 256 285 646 852 893 612 438 704 520 975 491 930 140 539 390 960 414 325 983 165 274 660 516 779 634 885 437 705 569 697 481 971 982 279 336 152 555 150 135 876 926 913 119 317 284 613 759 490 558 296 206 242 838 959 549 370 755 789 147 765 785 959 779 880 101 286 596 201 897 116 888 934 583 601 847 227 803 624 143 597 112 763 609 479 856 727 546 900 749 616 808 979 603 762 286 241 232 177 541 642 851 160 459 576 206 536 538 445 787 162 100 517 694 339 467 970 701 776 141 823 709 417 659 191 611 998 189 246 508 135 915 635 725 414 477 817 605 523 292 686 230 473 177 604 889 836 335 314 454 485 991 728 872 487 958 973 153 617 487 496 347 859 991 191 862 587 119 874 119 488 892 854 316 447 286 692 460 826 261 924 259 912 418 605 177 315 781 907 925 798 611 993 704 973 874 378 301 704 760 556 582 798 971 724 377 834 395 270 380 107 237 187 518 388 963 960 536 520 630 575 171 969 540 424 141 930 555 975 256 221 219 303 479 332 273 554 135 104 902 450
OS
 0 0 0 0 0 0 1 1 0 1 1 0 1 1 1 1 1 0 1 0 0 1 0 1 0 1 1 0 1 0 0 0 1 0 1 1 1 1 1 0 1 0 0 1 0 0 0 1 0 1 0 1 0 1 1 1 0 1 1 0 1 0 0 0 1 0 0 0 0 0 0 0 0 0 1 1 0 1 1 1 0 0 0 1 0 0 0 0 1 1 1 1 0 0 0 0 0 0 1 1 0 1 0 1 1 0 1 1 0 1 0 0 0 0 1 1 1 1 1 0 0 1 0 1 1 1 1 1 0 0 1 0 1 0 0 1 0 0 0 1 0 0 0 0 0 0 1 0 0 0 0 0 0 1 1 1 1 1 0 0 0 0 1 1 0 1 0 1 1 1 0 1 0 0 1 1 0 1 0 1 0 1 1 1 1 0 1 1 1 1 1 0 1 1 0 0 0 0 1 1 0 0 0 0 1 0 0 1 0 1 0 0 1 1 1 1 0 1 0 0 0 1 0 1 1 0 0 1 0 0 0 1 1 1 0 0 0 1 1 0 0 1 1 0 0 1 1 1 0 1
F
 90720 50400 30240 473760 171360 100800 90720 241920 524160 433440 221760 322560 241920 191520 252000 352800 594720 171360 20160 453600 252000 80640 564480 594720 594720 241920 554400 131040 473760 483840 483840 181440 453600 70560 191520 100800 423360 252000 403200 372960 443520 70560 544320 161280 60480 30240 322560 252000 141120 231840 40320 70560 564480 493920 20160 241920 90720 161280 433440 493920 544320 302400 453600 80640 604800 332640 483840 221760 332640 252000 342720 302400 483840 554400 60480 252000 50400 604800 60480 564480 574560 262080 534240 534240 584640 443520 493920 282240 80640 60480 100800 332640 554400 151200 191520 433440 403200 544320 534240 302400 272160 534240 60480 60480 594720 362880 282240 574560 584640 393120 534240 514080 352800 554400 554400 342720 262080 20160 120960 241920 514080 473760 443520 10080 161280 322560 141120 141120 292320 161280 20160 443520 584640 453600 131040 191520 201600 342720 120960 60480 604800 393120 70560 120960 413280 181440 201600 504000 534240 221760 564480 70560 362880 191520 252000 493920 252000 524160 201600 50400 413280 413280 70560 352800 383040 574560 312480 453600 211680 211680 524160 20160 483840 564480 282240 231840 120960 342720 221760 90720 181440 201600 211680 302400 372960 171360 342720 383040 372960 594720 393120 181440 514080 544320 201600 312480 504000 262080 120960 453600 362880 241920 211680 282240 211680 100800 574560 211680 221760 564480 272160 221760 20160 80640 463680 201600 483840 30240 332640 423360 604800 332640 393120 231840 231840 302400 383040 524160 504000 231840 110880 30240 221760 292320 161280 483840 483840 141120 302400 60480 362880 322560 504000 312480 604800 191520 241920 423360 473760 352800
M
 4 5 5 4 6 5 8 5 7 8 7 6 5 8 8 4 4 6 6 4 8 7 5 4 4 4 4 4 7 8 7 8 6 8 4 4 7 5 7 5 4 4 8 7 5 5 6 8 5 5 8 5 7 6 5 7 5 7 4 4 6 7 7 7 6 5 7 5 5 6 8 6 5 6 8 5 6 8 4 6 7 6 7 4 7 4 4 7 4 5 5 4 4 7 5 4 5 7 6 5 5 7 6 4 4 4 7 4 6 4 8 8 5 7 6 7 7 5 7 7 7 6 4 5 7 6 6 4 8 7 4 6 7 7 4 5 8 8 8 7 8 7 7 4 8 6 8 5 7 6 5 4 5 4 7 7 8 6 8 5 8 6 8 6 7 4 7 7 4 8 8 4 8 5 4 6 6 8 5 4 8 7 8 6 4 8 5 8 8 4 5 8 4 6 7 7 6 6 8 6 4 7 8 4 8 8 4 5 6 8 7 7 8 7 5 6 5 6 5 7 6 5 5 5 6 7 7 7 4 4 4 8 4 7 7 8 7 6 7 7 4 4 6 5 6 5 4 8 8 4
