## - cloud resource specifications
numberOfClouds 
 3
packagename
 m3.medium m3.large m3.xlarge m3.2xlarge c3.large c3.xlarge c3.2xlarge c3.4xlarge c3.8xlarge r3.large r3.xlarge r3.2xlarge r3.4xlarge r3.8xlarge i2.xlarge i2.2xlarge i2.4xlarge i2.8xlarge n1-standard-1 n1-standard-2 n1-standard-4 n1-standard-8 n1-standard-16 n1-highcpu-2 n1-highcpu-4 n1-highcpu-8 n1-highcpu-16 n1-highmem-2 n1-highmem-4 n1-highmem-8 n1-highmem-16 A0 A1 A2 A3 A4 A5 A6 A7 D1 D2 D3 D4 D11 D12 D13 D14 A10 A11
package
 18 13 18
Gflops
 190 380 760 1520 426 852 1704 3408 6816 380 760 1520 3040 6080 760 1520 3040 6080 159 317 634 1268 2536 317 634 1268 2536 317 634 1268 2536 168 168 335 670 1340 670 1340 2680 335 670 1340 2680 670 1340 2680 5360 3040 6080
ram
 3.75 7.5 15 30 3.75 7.5 15 30 60 15.25 30.5 61 122 244 30.5 61 122 244 3.75 7.5 15 30 60 1.8 3.6 7.2 14.4 13 26 52 104 0.75 1.75 3.5 7.0 14.0 14.0 28.0 56.0 3.5 7.0 14.0 28.0 14.0 28.0 56.0 112.0 56.0 112.0
disk
 4.0 32.0 80.0 160.0 32.0 80.0 160.0 320.0 640.0 32.0 80.0 160.0 320.0 640.0 800.0 1600.0 3200.0 6400.0 100.0 250.0 500.0 750.0 1000.0 250.0 500.0 750.0 1000.0 250.0 500.0 750.0 1000.0 20.0 70.0 135.0 285.0 605.0 135.0 285.0 605.0 50.0 100.0 200.0 400.0 100.0 200.0 400.0 800.0 382.0 382.0
locationProvider
 7 3 8
locationID
 1 1 2 2 3 4 5 1 2 3 1 2 2 3 3 4 4 5
priceOS0
 0.07 0.14 0.28 0.56 0.105 0.21 0.42 0.84 1.68 0.175 0.35 0.7 1.4 2.8 0.853 1.705 3.41 6.82 0.077 0.154 0.308 0.616 0.12 0.239 0.478 0.956 1.912 0.195 0.39 0.78 1.56 3.12 0.938 1.876 3.751 7.502 0.077 0.154 0.308 0.616 0.12 0.239 0.478 0.956 1.912 0.195 0.39 0.78 1.56 3.12 0.938 1.876 3.751 7.502 0.083 0.166 0.332 0.665 0.129 0.258 0.516 1.032 2.064 0.21 0.421 0.842 1.684 3.369 1.013 2.026 4.051 8.102 0.098 0.196 0.392 0.784 0.132 0.265 0.529 1.058 2.117 0.21 0.42 0.84 1.68 3.36 1.018 2.035 4.07 8.14 0.101 0.203 0.405 0.81 0.128 0.255 0.511 1.021 2.043 0.21 0.42 0.84 1.68 3.36 1.001 2.001 4.002 8.004 0.098 0.196 0.392 0.784 0.132 0.265 0.529 1.058 2.117 0.21 0.42 0.84 1.68 3.36 1.018 2.035 4.07 8.14 0.122 0.255 0.510 1.521 2.924 0.275 0.550 1.601 3.084 0.237 0.474 1.449 2.780 0.126 0.263 0.526 1.553 2.988 0.285 0.570 1.641 3.164 0.243 0.486 1.473 2.828 0.126 0.263 0.526 1.553 2.988 0.285 0.570 1.641 3.164 0.243 0.486 1.473 2.828 0.02 0.06 0.12 0.24 0.48 0.25 0.5 1.0 0.094 0.188 0.376 0.752 0.238 0.476 0.857 1.542 1.16 2.08 0.02 0.06 0.12 0.24 0.48 0.248 0.496 0.992 0.094 0.188 0.376 0.752 0.238 0.476 0.857 1.542 1.33 2.39 0.02 0.06 0.12 0.24 0.48 0.27 0.54 1.08 0.115 0.23 0.46 0.92 0.273 0.546 0.983 1.769 1.33 2.39 0.02 0.06 0.12 0.24 0.48 0.294 0.588 1.176 0.138 0.276 0.552 1.104 0.295 0.59 1.062 1.912 1.51 2.7 0.02 0.06 0.12 0.24 0.48 0.27 0.54 1.08 0.12 0.24 0.48 0.96 0.256 0.512 0.922 1.659 1.33 2.39 0.024 0.081 0.162 0.324 0.648 0.281 0.562 1.124 0.142 0.284 0.568 1.136 0.295 0.59 1.062 1.912 1.51 2.7 0.021 0.073 0.146 0.292 0.584 0.258 0.516 1.032 0.123 0.246 0.492 0.984 0.256 0.512 0.922 1.659 1.33 2.39 0.029 0.071 0.142 0.284 0.568 0.278 0.556 1.112 0.12 0.239 0.478 0.956 0.256 0.512 0.922 1.66 1.33 2.39
priceOS1
 0.133 0.266 0.532 1.064 0.188 0.376 0.752 1.504 3.008 0.3 0.6 1.08 1.944 3.5 0.973 1.946 3.891 7.782 0.133 0.266 0.532 1.064 0.188 0.376 0.752 1.504 3.008 0.3 0.6 1.08 1.944 3.5 0.973 1.946 3.891 7.782 0.14 0.28 0.56 1.12 0.188 0.376 0.752 1.504 3.008 0.33 0.652 1.173 2.111 3.8 1.058 2.116 4.232 8.464 0.146 0.292 0.584 1.169 0.212 0.424 0.848 1.696 3.392 0.335 0.671 1.222 2.228 4.069 1.133 2.267 4.532 9.064 0.161 0.322 0.644 1.288 0.238 0.477 0.935 1.906 3.813 0.323 0.646 1.192 2.447 4.6 1.169 2.337 4.674 9.348 0.151 0.302 0.603 1.206 0.231 0.462 0.925 1.849 3.699 0.31 0.62 1.219 2.276 4.25 1.113 2.226 4.451 8.903 0.161 0.322 0.644 1.288 0.238 0.477 0.935 1.906 3.813 0.323 0.646 1.192 2.447 4.6 1.169 2.337 4.674 9.348 0.102 0.215 0.430 0.801 1.484 0.235 0.470 0.881 1.644 0.197 0.394 0.729 1.340 0.106 0.223 0.446 0.833 1.548 0.245 0.490 0.921 1.724 0.203 0.406 0.753 1.388 0.106 0.223 0.446 0.833 1.548 0.245 0.490 0.921 1.724 0.203 0.406 0.753 1.388 0.02 0.09 0.18 0.36 0.72 0.33 0.66 1.32 0.171 0.342 0.684 1.368 0.403 0.806 1.451 2.611 1.64 3.04 0.02 0.09 0.18 0.36 0.72 0.3 0.6 1.2 0.159 0.318 0.636 1.272 0.366 0.732 1.318 2.372 1.89 3.5 0.02 0.09 0.18 0.36 0.72 0.34 0.68 1.36 0.183 0.366 0.732 1.464 0.421 0.842 1.516 2.728 1.89 3.5 0.02 0.09 0.18 0.36 0.72 0.36 0.72 1.44 0.224 0.448 0.896 1.792 0.453 0.906 1.631 2.935 2.13 3.95 0.02 0.09 0.18 0.36 0.72 0.32 0.64 1.28 0.195 0.39 0.78 1.56 0.394 0.788 1.418 2.553 1.89 3.5 0.024 0.106 0.212 0.424 0.848 0.35 0.7 1.4 0.211 0.422 0.844 1.688 0.436 0.872 1.57 2.825 2.13 3.95 0.021 0.095 0.19 0.38 0.76 0.31 0.62 1.24 0.183 0.366 0.732 1.464 0.378 0.756 1.361 2.449 1.89 3.5 0.029 0.113 0.226 0.452 0.904 0.349 0.698 1.396 0.196 0.393 0.786 1.571 0.394 0.788 1.419 2.554 1.89 3.5
# - client 2 requirements:
N
1000
Tf
 2 4 3 2 2 3 4 2 4 3 4 5 2 3 2 4 3 5 2 2 4 5 5 5 3 4 5 2 4 4 2 4 3 2 2 4 3 5 2 4 2 5 2 3 5 5 4 2 2 4 4 2 2 2 2 5 4 3 4 3 2 5 4 4 5 5 5 5 2 5 3 4 3 4 3 4 2 5 4 5 4 3 2 4 2 4 5 2 4 2 2 3 5 3 5 5 5 3 5 4 3 2 2 2 3 4 4 4 3 2 3 2 2 5 3 2 5 3 2 2 5 2 5 5 2 3 2 3 2 3 3 4 3 3 2 3 3 3 3 5 3 2 5 2 3 2 3 5 5 3 5 2 4 2 5 5 3 4 3 3 2 2 4 3 4 5 5 5 2 3 2 4 5 4 3 3 2 2 3 3 3 3 5 4 5 5 5 4 4 4 4 4 3 4 4 4 2 4 2 5 3 5 3 4 3 4 2 4 3 3 4 5 3 2 3 2 4 3 5 5 2 4 4 5 3 3 4 4 3 5 3 5 4 5 4 2 4 2 2 5 5 4 3 2 4 3 2 4 3 5 3 5 4 2 4 5 2 2 4 2 2 4 4 4 4 4 5 5 3 2 2 2 3 5 2 4 5 4 5 4 4 4 3 2 2 4 4 5 4 3 4 4 3 5 4 3 3 4 3 2 5 5 5 5 5 4 3 2 2 3 3 2 3 4 2 2 5 4 4 5 5 3 2 3 3 4 2 2 4 2 2 5 3 4 2 3 4 4 2 3 3 3 5 4 4 4 2 4 4 3 2 4 5 4 2 4 2 3 5 2 3 2 5 5 2 5 4 5 2 3 2 2 3 2 3 2 3 5 4 3 5 3 4 3 5 2 4 2 3 3 5 3 4 5 5 4 3 2 4 3 3 3 3 5 4 5 3 2 4 5 2 5 3 2 3 2 3 4 5 3 4 4 4 3 4 5 4 4 3 3 2 4 3 3 2 4 2 2 5 3 3 4 2 4 2 5 5 5 3 3 4 5 4 5 4 5 3 4 3 5 3 4 5 3 3 2 3 3 4 5 4 4 2 3 4 3 3 2 5 5 2 4 2 5 5 4 5 2 4 5 4 4 3 3 3 2 2 5 4 2 2 3 3 2 5 3 5 4 3 3 4 3 4 2 5 5 4 2 4 5 3 5 2 2 4 5 3 3 3 3 4 2 2 5 5 4 3 4 4 3 2 5 4 2 4 3 5 2 3 5 2 5 5 3 4 4 5 5 5 5 3 2 5 3 3 3 3 3 2 5 4 5 2 2 2 2 4 3 2 4 3 2 3 5 3 5 2 5 5 3 4 5 3 4 3 2 4 4 3 5 3 3 3 2 4 2 4 5 2 4 5 2 2 4 2 5 2 2 4 2 2 2 5 4 2 2 3 3 3 2 2 2 3 5 2 4 3 4 3 5 3 5 3 2 2 5 5 2 5 5 4 2 2 2 2 2 4 4 3 2 3 5 2 4 3 3 4 2 4 4 5 2 4 2 5 4 3 4 4 4 5 5 3 5 3 5 2 3 2 5 5 2 4 4 5 4 2 2 2 2 4 4 4 3 4 5 3 3 3 3 2 5 4 5 4 4 4 2 4 3 4 3 2 2 5 5 5 4 3 5 5 2 4 4 5 4 3 2 3 4 4 4 5 4 5 5 3 3 5 5 3 3 4 4 4 2 5 2 3 3 2 3 4 2 5 4 5 3 3 3 4 5 5 3 2 4 5 4 5 3 4 3 2 2 4 3 4 4 3 4 2 5 5 3 3 5 3 2 4 5 5 2 5 3 4 3 4 5 4 3 5 5 3 3 3 3 4 4 2 5 3 5 2 2 3 2 5 5 4 4 3 2 5 2 5 3 5 2 5 5 2 4 5 2 5 2 2 4 4 4 5 2 2 2 4 3 4 3 3 2 2 2 4 2 4 4 5 3 5 5 5 5 3 2 4 5 5 2 5 3 2 2 2 2 3 5 4 2 3 2 2 2 5 4 5 2 3 2 3 2 2 5 5 2 2 5 2 2 5 5 3 4 2 4 3 4 4 5 5 3 2 2 3 3 4 2 2 5 2 2 2 2 3 2 5 4 3 3 5 4 4 2 3 3 5 5 4 2 2 2 2 4 2 3 5 3 4 4 5 5 4 3 4 3 2 2 4 2 3 4 5 2 2 2 4 5 4 2 5 3 2 3 2 2 3 5 2 3 4 2 3 5 2 3 3 5 5 3 5 5
C
 0.56 0.56 0.56 0.56 0.56 0.56 0.56 0.56 0.56 0.56 0.56 0.56 0.56 0.56 0.56 0.56 0.56 0.56 0.56 0.56 0.56 0.56 0.56 0.56 0.56 0.56 0.56 1.12 0.56 0.56 0.56 0.56 0.56 0.56 0.56 0.56 0.56 0.56 0.56 0.56 0.56 0.56 0.56 0.56 0.56 0.56 0.56 0.56 0.56 0.56 0.56 0.56 0.56 0.56 0.56 0.56 0.56 0.56 0.56 0.56 0.56 0.56 0.56 0.56 0.56 0.56 0.56 0.56 0.56 0.56 0.56 0.56 0.56 0.56 0.56 0.56 0.56 0.56 0.56 0.56 0.56 0.56 0.56 1.12 0.56 0.56 0.56 0.56 0.56 0.56 0.56 0.56 0.56 0.56 0.56 0.56 0.56 0.56 0.56 0.56 0.56 0.56 0.56 0.56 0.56 0.56 0.56 0.56 0.56 0.56 0.56 0.56 0.56 0.56 0.56 0.56 0.56 0.56 0.56 0.56 0.56 0.56 0.56 0.56 0.56 0.56 0.56 0.56 0.56 0.56 0.56 0.56 0.56 0.56 0.56 0.56 0.56 0.56 0.56 0.56 0.56 0.56 0.56 0.56 0.56 0.56 0.56 0.56 0.56 0.56 0.56 0.56 0.56 0.56 0.56 0.56 0.56 0.56 0.56 0.56 0.56 0.56 0.56 0.56 0.56 0.56 0.56 0.56 0.56 0.56 0.56 0.56 0.56 0.56 0.56 0.56 0.56 0.56 0.56 0.56 0.56 0.56 0.56 0.56 0.56 0.56 0.56 0.56 0.56 0.56 0.56 0.56 0.56 1.12 0.56 0.56 0.56 0.56 0.56 0.56 0.56 0.56 0.56 0.56 0.56 0.56 0.56 0.56 1.12 0.56 0.56 0.56 0.56 0.56 0.56 0.56 0.56 0.56 0.56 0.56 0.56 0.56 0.56 0.56 0.56 0.56 0.56 0.56 0.56 0.56 0.56 0.56 0.56 0.56 0.56 0.56 0.56 0.56 0.56 0.56 0.56 0.56 0.56 0.56 0.56 0.56 0.56 0.56 0.56 0.56 0.56 0.56 0.56 1.12 0.56 0.56 0.56 0.56 0.56 0.56 0.56 0.56 0.56 0.56 0.56 0.56 0.56 0.56 0.56 0.56 0.56 0.56 0.56 0.56 0.56 0.56 0.56 0.56 0.56 0.56 0.56 0.56 0.56 0.56 0.56 0.56 0.56 0.56 0.56 0.56 0.56 0.56 0.56 0.56 0.56 0.56 0.56 0.56 0.56 0.56 0.56 0.56 0.56 0.56 0.56 0.56 0.56 0.56 0.56 0.56 0.56 0.56 0.56 0.56 0.56 0.56 0.56 0.56 0.56 0.56 0.56 0.56 0.56 0.56 0.56 0.56 0.56 0.56 0.56 0.56 0.56 0.56 0.56 0.56 0.56 1.12 0.56 0.56 0.56 0.56 0.56 1.12 0.56 0.56 0.56 0.56 0.56 0.56 0.56 0.56 0.56 0.56 0.56 0.56 0.56 0.56 0.56 0.56 0.56 0.56 0.56 0.56 1.12 0.56 0.56 0.56 0.56 0.56 0.56 0.56 0.56 0.56 0.56 0.56 0.56 0.56 0.56 0.56 0.56 0.56 0.56 0.56 0.56 0.56 0.56 0.56 0.56 0.56 0.56 0.56 0.56 0.56 0.56 0.56 0.56 0.56 0.56 0.56 0.56 0.56 0.56 0.56 0.56 0.56 0.56 0.56 0.56 0.56 0.56 0.56 0.56 0.56 0.56 0.56 0.56 0.56 0.56 0.56 0.56 0.56 0.56 0.56 0.56 0.56 0.56 0.56 0.56 0.56 0.56 0.56 0.56 0.56 0.56 0.56 0.56 0.56 0.56 0.56 0.56 0.56 0.56 0.56 0.56 0.56 0.56 0.56 0.56 0.56 0.56 0.56 0.56 0.56 0.56 0.56 0.56 0.56 0.56 0.56 0.56 0.56 0.56 0.56 0.56 0.56 0.56 0.56 0.56 0.56 0.56 0.56 0.56 0.56 1.12 0.56 0.56 0.56 0.56 0.56 0.56 0.56 0.56 0.56 0.56 0.56 0.56 0.56 0.56 0.56 0.56 0.56 0.56 0.56 0.56 0.56 0.56 0.56 0.56 0.56 0.56 0.56 0.56 0.56 0.56 0.56 0.56 0.56 0.56 0.56 0.56 0.56 0.56 0.56 0.56 0.56 0.56 0.56 0.56 0.56 0.56 0.56 0.56 0.56 0.56 0.56 0.56 0.56 0.56 0.56 0.56 0.56 0.56 0.56 0.56 0.56 0.56 0.56 0.56 0.56 0.56 0.56 0.56 0.56 0.56 0.56 0.56 0.56 0.56 0.56 0.56 0.56 0.56 0.56 0.56 0.56 0.56 0.56 0.56 0.56 0.56 0.56 0.56 0.56 0.56 0.56 0.56 0.56 0.56 0.56 0.56 0.56 0.56 0.56 0.56 0.56 0.56 0.56 0.56 0.56 0.56 0.56 0.56 0.56 0.56 0.56 0.56 0.56 1.12 0.56 0.56 0.56 0.56 0.56 0.56 0.56 0.56 0.56 0.56 0.56 0.56 0.56 0.56 0.56 0.56 0.56 0.56 0.56 0.56 0.56 0.56 0.56 0.56 1.12 0.56 0.56 0.56 0.56 0.56 0.56 0.56 0.56 0.56 0.56 0.56 0.56 0.56 0.56 0.56 0.56 0.56 0.56 0.56 0.56 1.12 0.56 0.56 0.56 0.56 0.56 0.56 0.56 0.56 0.56 0.56 0.56 0.56 0.56 0.56 0.56 0.56 0.56 0.56 0.56 0.56 0.56 0.56 0.56 0.56 0.56 0.56 0.56 0.56 0.56 0.56 0.56 0.56 0.56 0.56 0.56 0.56 0.56 0.56 0.56 0.56 0.56 0.56 0.56 0.56 0.56 0.56 0.56 0.56 0.56 0.56 0.56 0.56 0.56 0.56 0.56 0.56 0.56 0.56 0.56 0.56 0.56 0.56 0.56 0.56 0.56 0.56 0.56 0.56 0.56 0.56 0.56 0.56 0.56 0.56 1.12 0.56 0.56 0.56 0.56 0.56 0.56 0.56 0.56 0.56 0.56 0.56 0.56 0.56 0.56 0.56 0.56 0.56 0.56 0.56 0.56 0.56 0.56 0.56 0.56 0.56 0.56 0.56 0.56 0.56 0.56 0.56 0.56 0.56 0.56 0.56 0.56 0.56 0.56 0.56 0.56 0.56 0.56 0.56 0.56 0.56 0.56 0.56 0.56 0.56 0.56 0.56 0.56 0.56 0.56 0.56 0.56 0.56 0.56 0.56 0.56 0.56 0.56 0.56 0.56 0.56 0.56 1.12 0.56 0.56 0.56 0.56 0.56 0.56 0.56 0.56 0.56 0.56 0.56 0.56 0.56 0.56 0.56 0.56 0.56 0.56 0.56 0.56 0.56 0.56 0.56 0.56 0.56 0.56 0.56 0.56 0.56 0.56 0.56 0.56 0.56 0.56 0.56 0.56 0.56 0.56 0.56 0.56 0.56 0.56 0.56 0.56 0.56 0.56 0.56 0.56 0.56 0.56 0.56 0.56 0.56 0.56 0.56 0.56 0.56 0.56 0.56 0.56 0.56 0.56 0.56 0.56 0.56 0.56 0.56 0.56 0.56 0.56 0.56 0.56 0.56 0.56 0.56 0.56 0.56 0.56 0.56 0.56 0.56 0.56 0.56 0.56 1.12 0.56 0.56 0.56 0.56 0.56 0.56 0.56 0.56 0.56 0.56 0.56 0.56 0.56 0.56 0.56 0.56 0.56 0.56 0.56 0.56 0.56 0.56 0.56 0.56 0.56 0.56 0.56 0.56 0.56 0.56 0.56 0.56 0.56 0.56 0.56 0.56 0.56 0.56 0.56 0.56 0.56 0.56 0.56 0.56 0.56 1.12 0.56 0.56 0.56 0.56 0.56 0.56 0.56 0.56 1.12 0.56 0.56 0.56 0.56 0.56 0.56 0.56 0.56 0.56 0.56 0.56 0.56 0.56 0.56 0.56 0.56 0.56 0.56 0.56 0.56 0.56 0.56 0.56 0.56 0.56 0.56 0.56 0.56 0.56 1.12 0.56 0.56 0.56 0.56 0.56 0.56 0.56 0.56 0.56 0.56 0.56 0.56 0.56 0.56 0.56 0.56 0.56 0.56 0.56 0.56 0.56 0.56 0.56 0.56 0.56 0.56 0.56 0.56 0.56 0.56 0.56 0.56 0.56 0.56 0.56 0.56 0.56 0.56 0.56 0.56 0.56 0.56 0.56 0.56 0.56 0.56 0.56 0.56 0.56 0.56 0.56 0.56 0.56 0.56 0.56
LO
 2 2 0 0 2 4 1 1 5 2 4 5 3 0 5 0 4 4 2 0 3 3 0 4 0 2 2 1 0 3 0 3 4 4 3 0 3 4 5 3 1 3 4 4 2 5 1 5 1 4 5 1 5 5 3 4 0 2 2 1 3 2 0 4 1 0 5 1 4 2 5 2 3 2 4 0 5 5 0 3 3 2 3 0 1 2 3 1 0 4 3 4 4 0 4 0 5 3 0 5 0 4 4 1 4 0 3 5 5 4 2 4 2 0 1 3 5 0 1 1 3 2 0 4 2 0 2 5 3 0 1 4 4 1 1 2 1 2 4 5 0 3 1 3 5 1 4 0 5 2 3 4 5 0 5 1 5 4 0 2 0 5 0 4 4 1 0 4 2 4 4 2 3 5 5 5 1 0 3 4 0 0 0 0 4 4 4 3 0 4 4 4 0 3 1 0 4 4 2 0 4 5 0 4 4 4 2 0 2 3 1 3 3 5 1 4 5 3 2 1 2 3 4 4 1 5 5 4 4 3 1 3 2 2 2 0 5 0 0 3 1 5 4 3 0 1 2 2 3 0 2 3 1 5 4 5 4 5 0 0 3 2 4 2 2 1 1 4 3 5 0 5 5 1 1 0 3 0 0 5 1 2 5 3 1 4 1 0 0 2 2 0 2 5 1 0 4 1 5 4 1 5 3 3 0 5 4 2 2 0 1 0 1 3 4 3 0 1 1 0 1 1 2 3 5 4 5 3 3 1 5 3 5 0 5 4 2 2 0 0 2 3 5 4 1 0 0 1 1 0 1 1 1 2 1 1 4 4 2 2 2 5 3 4 3 1 1 1 2 1 5 0 0 2 4 2 2 0 2 2 5 5 1 2 3 0 5 4 0 3 4 0 1 0 4 1 0 3 5 0 1 0 2 0 2 5 5 0 0 4 5 0 2 3 4 4 4 0 0 4 5 5 3 3 0 5 2 1 0 2 3 4 5 0 1 4 1 5 0 3 0 4 0 5 4 4 4 5 5 0 5 5 3 3 5 1 4 4 4 4 3 0 2 4 0 4 5 2 3 2 0 2 5 0 2 5 3 2 2 4 2 5 4 4 3 3 4 3 2 2 4 2 2 1 0 3 1 1 2 2 2 4 1 2 1 0 2 0 4 2 1 0 3 2 1 4 4 3 0 3 5 0 3 4 4 0 4 0 1 0 5 5 3 2 0 4 3 4 0 4 0 0 5 2 1 4 5 1 2 2 5 4 1 1 2 4 1 1 4 5 5 3 1 3 4 2 3 4 3 5 1 0 1 2 2 3 1 2 4 2 5 4 1 5 0 5 0 1 3 2 4 1 5 2 1 2 0 4 5 1 2 2 5 0 0 4 2 4 0 4 1 1 2 5 0 0 0 5 2 4 5 0 2 3 1 2 0 1 5 2 0 0 4 3 5 0 5 0 5 2 2 2 2 1 2 2 4 4 3 2 5 4 3 3 4 2 2 4 4 5 1 5 0 4 2 1 5 5 2 2 3 3 3 5 4 4 3 3 0 5 5 4 0 0 5 5 0 1 5 5 1 4 3 1 5 2 5 2 0 0 4 2 0 0 2 4 5 3 5 2 2 1 5 2 5 2 4 0 2 5 0 5 2 1 5 0 0 0 3 5 3 3 5 5 1 2 4 2 2 1 1 0 1 1 5 1 5 5 1 5 5 0 4 5 5 0 0 1 5 1 5 3 5 1 4 2 1 0 3 4 4 1 1 1 3 4 2 5 2 3 2 1 5 3 2 4 2 1 1 4 3 4 5 1 5 4 5 0 2 3 1 2 2 2 5 1 3 4 5 3 5 0 1 5 1 3 3 2 4 5 0 1 4 4 5 2 2 0 4 2 3 3 5 0 1 0 2 3 1 4 2 4 0 2 3 5 3 1 0 2 5 2 1 1 5 2 4 4 5 0 0 5 3 1 4 1 2 4 3 0 2 5 1 0 4 2 0 0 4 4 2 3 0 1 0 0 2 0 5 3 5 4 4 4 2 4 2 3 4 4 4 1 5 4 1 0 1 0 5 1 0 0 2 0 3 3 2 2 5 1 1 0 5 3 2 0 3 5 4 0 2 0 5 1 0 0 1 1 2 5 0 0 0 2 1 1 5 0 2 2 2 5 2 0 0 4 0 2 4 1 1 0 3 2 0 5 3 0 1 5 5 4 3 3 5 3 5 1 0 4 4 0 3 2 4 0 3 1 5 4 1 2 3 0 5 2 0 4 4 2
D
 452 606 627 732 303 302 293 637 429 482 575 333 584 451 623 454 440 473 953 708 938 269 301 412 235 327 833 490 598 696 179 102 577 217 406 729 654 112 766 671 496 383 807 571 130 748 518 325 482 103 620 175 301 330 921 254 668 821 696 717 843 610 138 831 747 873 921 547 861 495 427 691 150 584 532 100 171 966 192 989 705 488 944 239 129 563 759 215 221 442 699 122 222 635 916 977 305 353 417 895 147 380 452 601 814 162 807 578 338 344 680 925 632 584 246 490 810 183 927 606 919 141 997 748 127 785 339 309 768 607 538 120 570 553 173 106 559 699 648 572 277 532 236 867 776 955 649 871 375 630 976 706 250 127 994 370 416 145 493 585 122 553 759 370 139 626 402 230 971 182 269 201 572 278 513 662 721 656 804 459 842 499 794 466 256 675 260 708 884 442 120 622 299 238 425 782 243 241 538 647 660 882 811 191 518 323 409 869 891 461 899 255 157 247 369 583 997 469 593 570 313 142 405 123 458 110 967 730 680 895 909 603 655 864 224 765 183 716 500 687 504 784 481 258 744 158 725 920 973 693 767 985 621 929 739 639 433 772 443 901 302 595 413 177 635 922 947 336 543 781 283 604 106 837 165 217 642 610 298 901 849 964 228 707 780 492 676 254 808 282 248 936 839 223 280 311 185 561 538 322 109 860 248 499 328 560 651 733 364 391 876 627 881 968 317 352 298 422 875 988 842 961 248 884 156 963 409 178 739 126 388 789 117 668 414 658 703 827 519 770 166 911 622 101 790 305 891 876 904 387 621 675 229 791 982 153 991 502 975 839 558 652 405 414 814 638 669 333 390 404 649 343 989 666 824 362 211 681 794 141 699 532 927 233 500 646 610 234 710 408 185 505 944 861 683 751 281 783 877 120 789 456 211 562 642 123 625 292 709 626 329 913 881 657 334 171 676 347 993 743 459 901 284 632 618 899 804 129 620 429 373 389 741 147 181 956 251 120 118 803 554 380 372 794 470 422 197 250 652 601 132 142 427 755 156 284 171 210 175 884 119 902 249 227 522 383 230 825 856 791 376 142 667 484 180 150 583 830 234 362 316 669 359 273 699 544 937 737 985 641 473 172 573 640 241 528 243 718 718 872 670 640 472 482 339 321 861 677 303 117 289 920 137 462 457 857 235 188 947 475 714 105 412 438 627 793 446 100 707 542 803 715 767 313 736 265 805 906 935 660 345 564 456 937 757 416 858 816 834 140 302 985 928 756 757 496 662 238 408 112 792 906 106 630 364 217 288 781 691 399 521 998 361 355 209 362 160 112 558 671 798 803 587 880 246 519 413 205 288 771 296 984 607 135 135 941 513 435 828 336 216 471 373 705 448 610 101 729 953 986 199 955 538 153 986 811 801 654 400 801 775 234 358 384 856 276 837 552 990 815 464 260 296 887 503 741 250 453 954 157 814 274 787 494 820 404 568 895 793 263 387 518 120 299 378 481 456 749 514 626 494 930 748 568 161 755 554 978 402 622 529 752 250 459 469 288 686 611 341 545 709 230 395 256 543 404 983 111 898 418 779 812 544 212 413 580 379 289 368 675 678 263 301 786 745 611 145 730 609 652 644 114 108 398 495 934 183 941 195 396 163 954 756 619 993 372 526 313 526 217 523 464 510 131 397 154 381 293 544 434 526 802 156 744 553 779 257 395 871 982 194 668 539 657 246 204 115 489 264 213 749 249 327 676 695 178 421 826 280 924 625 456 694 962 678 904 642 826 977 615 995 172 925 654 623 926 806 368 151 658 754 144 649 239 908 866 271 861 473 760 712 481 953 822 127 282 363 469 485 921 478 939 205 571 669 777 343 818 219 114 285 460 496 960 274 733 360 470 264 347 555 216 202 728 598 612 875 653 239 281 646 396 599 715 655 332 185 573 931 635 471 333 198 853 320 779 867 815 550 373 242 798 150 343 238 228 191 614 860 360 948 518 658 527 322 886 549 244 971 394 511 521 120 265 968 573 229 484 759 127 353 521 820 692 708 944 958 487 340 761 653 648 174 590 113 120 999 564 458 323 768 569 877 573 146 652 315 506 661 931 354 290 771 796 745 403 776 138 632 307 471 490 931 315 123 210 488 867 246 349 723 258 896 558 855 150 238 309 821 728 760 315 778 608 417 687 892 431 366 997 836 557 533 176 371 224 677 507 585 839 620 650 811 985 933 405 567 240 434 555 470 416 182 739 471 956 501 114 997 286 368 842 733 451 444 671 987 664 164 313
OS
 1 0 1 1 0 0 1 0 1 1 1 0 1 1 0 0 0 0 0 1 1 1 1 1 0 1 1 0 0 1 1 1 1 0 1 1 1 1 1 0 0 0 1 0 0 0 1 1 1 1 0 0 0 0 1 1 0 1 1 0 1 0 0 0 1 0 0 0 0 1 1 1 1 0 1 1 0 1 1 0 1 1 1 1 0 0 0 1 0 0 0 1 0 0 1 1 0 1 1 1 1 0 0 0 1 1 0 0 0 1 0 1 0 0 0 1 0 1 1 0 1 0 1 1 1 0 0 1 0 1 1 0 1 1 0 1 1 1 0 1 1 1 1 1 1 0 0 0 0 1 1 0 1 0 0 1 0 1 0 0 0 0 0 0 0 1 0 1 1 0 1 1 1 0 0 0 1 0 0 0 1 1 1 1 0 0 0 0 1 1 0 0 0 1 0 1 1 0 1 0 0 1 1 0 0 1 1 1 0 1 0 0 1 0 0 0 0 1 1 1 0 1 1 1 1 0 0 1 1 1 1 0 1 0 0 0 1 0 0 0 1 1 0 0 0 0 0 0 1 1 1 1 0 1 0 0 0 0 1 1 0 1 0 1 0 0 0 1 1 0 0 1 1 1 1 0 0 0 1 1 1 0 0 1 1 0 1 1 1 0 1 0 0 0 1 0 0 0 0 1 0 0 1 1 0 1 0 0 1 0 0 0 0 0 0 1 1 0 1 0 1 0 0 1 1 1 0 0 1 0 1 0 1 1 1 1 1 0 1 0 0 0 1 1 1 0 1 1 0 0 0 1 1 0 0 0 0 1 1 0 0 1 0 0 0 1 0 0 0 0 0 1 0 0 0 1 1 0 0 1 0 1 0 1 1 0 1 0 0 0 0 1 1 1 1 0 1 1 0 1 0 0 1 1 0 0 1 0 1 0 0 1 1 1 1 0 1 1 0 1 1 1 0 0 1 0 1 0 1 0 1 1 1 0 0 0 0 0 0 0 1 1 1 0 0 0 0 0 0 0 0 1 1 0 0 1 1 0 0 1 0 1 0 1 0 1 0 1 0 0 0 0 0 0 1 1 1 1 1 0 0 1 1 0 0 1 0 0 0 1 0 1 0 1 0 0 0 1 1 0 1 0 0 1 0 1 1 0 0 0 0 1 0 0 1 0 1 1 0 1 0 0 1 1 1 0 1 1 0 0 1 0 0 1 0 1 1 1 1 0 0 0 1 1 1 0 0 1 0 0 0 0 0 1 1 1 1 0 1 1 0 1 1 1 0 0 0 1 0 0 0 1 0 1 0 1 0 0 0 0 0 1 0 1 0 0 1 0 1 0 0 1 1 0 0 0 0 0 0 0 0 1 1 0 0 0 1 0 0 0 1 0 0 1 1 1 1 0 0 0 0 0 0 0 1 0 1 1 0 1 1 1 1 1 1 1 1 0 1 1 1 0 1 1 0 1 0 0 0 1 0 1 1 1 0 1 1 1 0 1 1 1 0 0 0 1 0 0 1 1 1 1 1 1 1 0 1 1 1 1 0 0 1 1 0 1 1 0 0 0 1 1 0 0 1 0 1 1 0 0 0 0 0 1 1 1 0 1 0 0 1 1 0 0 0 0 0 1 1 0 1 1 0 1 1 1 1 1 1 0 0 0 1 1 0 1 1 0 0 0 1 0 0 0 0 1 1 0 0 1 0 0 1 1 0 1 0 0 1 1 0 0 1 1 0 0 0 0 1 0 1 0 0 1 0 0 1 0 1 0 0 1 0 1 0 1 1 1 1 0 0 0 0 0 0 1 1 1 0 0 1 1 0 1 0 1 1 0 0 0 1 0 0 0 0 0 1 1 1 0 0 0 0 0 0 1 1 1 0 0 0 0 1 1 0 1 0 0 1 0 1 0 0 1 1 0 0 0 1 0 0 1 1 1 0 1 0 1 1 0 1 1 1 0 0 1 1 1 0 0 1 1 1 0 1 0 0 0 0 0 0 0 0 1 1 0 0 0 0 0 0 0 0 1 0 1 0 0 1 0 0 0 0 0 0 1 1 1 0 1 0 0 0 0 0 1 0 1 0 1 1 1 0 0 0 0 0 0 0 0 1 0 1 0 0 1 1 1 1 0 1 1 0 1 1 1 1 1 0 1 1 1 1 0 1 1 0 0 1 1 1 1 1 1 1 1 0 1 0 1 1 1 0 0 0 1 1 1 0 0 0 1 0 0 0 1 1 0 1 1 0 0 0 0 1 0 1 1 0 0
F
 312480 191520 362880 393120 352800 131040 352800 40320 504000 50400 201600 383040 171360 493920 534240 352800 473760 70560 433440 554400 423360 141120 483840 50400 100800 433440 473760 604800 544320 403200 584640 413280 191520 332640 302400 403200 131040 181440 514080 332640 292320 362880 352800 423360 90720 161280 40320 544320 201600 20160 262080 252000 413280 241920 514080 594720 151200 352800 30240 191520 564480 151200 120960 221760 342720 352800 272160 120960 594720 181440 20160 110880 332640 584640 50400 504000 262080 151200 40320 211680 504000 161280 20160 604800 191520 312480 70560 10080 352800 30240 171360 524160 252000 201600 504000 110880 453600 584640 433440 473760 544320 534240 201600 584640 372960 50400 191520 90720 241920 272160 30240 504000 504000 413280 504000 362880 30240 80640 131040 110880 292320 473760 282240 524160 332640 594720 453600 10080 191520 10080 493920 574560 40320 483840 60480 514080 60480 544320 292320 221760 554400 473760 30240 584640 282240 453600 403200 453600 131040 262080 241920 534240 302400 594720 252000 252000 403200 524160 393120 312480 90720 423360 272160 584640 302400 191520 272160 463680 483840 181440 302400 504000 70560 473760 241920 120960 554400 40320 544320 272160 453600 453600 483840 141120 534240 20160 524160 574560 141120 120960 514080 70560 433440 604800 433440 30240 90720 161280 514080 433440 383040 151200 201600 504000 362880 282240 362880 534240 604800 493920 10080 231840 312480 383040 10080 151200 473760 141120 171360 151200 151200 272160 493920 110880 201600 70560 181440 393120 514080 20160 594720 171360 282240 423360 171360 151200 302400 292320 131040 453600 302400 262080 574560 403200 393120 453600 40320 231840 554400 413280 483840 594720 312480 604800 181440 231840 282240 60480 272160 493920 342720 463680 10080 574560 312480 423360 181440 231840 372960 302400 393120 110880 221760 211680 493920 544320 372960 403200 443520 241920 100800 80640 564480 544320 262080 110880 372960 322560 524160 70560 483840 30240 241920 302400 151200 100800 352800 493920 191520 403200 60480 241920 241920 443520 514080 564480 393120 50400 211680 574560 413280 473760 151200 241920 423360 544320 201600 403200 584640 141120 322560 362880 231840 362880 514080 534240 453600 504000 151200 181440 473760 534240 473760 141120 544320 604800 463680 252000 372960 332640 272160 604800 473760 151200 272160 473760 383040 50400 413280 292320 534240 131040 393120 584640 574560 372960 20160 362880 211680 60480 312480 413280 604800 594720 534240 90720 120960 110880 473760 50400 282240 302400 151200 524160 554400 141120 534240 544320 443520 493920 342720 191520 272160 564480 302400 332640 141120 524160 80640 20160 534240 574560 10080 50400 241920 564480 403200 40320 141120 524160 131040 201600 554400 10080 50400 413280 483840 90720 100800 534240 110880 362880 90720 322560 30240 80640 120960 574560 332640 312480 312480 443520 403200 50400 181440 272160 161280 211680 90720 443520 50400 191520 40320 584640 403200 362880 90720 40320 463680 473760 60480 282240 574560 292320 554400 352800 10080 201600 342720 181440 30240 80640 141120 50400 473760 594720 90720 40320 231840 70560 383040 362880 403200 584640 372960 191520 493920 171360 201600 201600 60480 463680 604800 262080 241920 211680 292320 332640 302400 292320 433440 564480 292320 292320 322560 171360 171360 383040 272160 342720 151200 10080 201600 40320 30240 110880 241920 312480 514080 110880 322560 544320 554400 594720 241920 534240 40320 100800 332640 10080 40320 473760 403200 231840 80640 90720 231840 534240 221760 554400 473760 181440 302400 514080 322560 131040 302400 141120 524160 20160 181440 302400 463680 50400 493920 534240 110880 443520 352800 302400 483840 191520 131040 60480 443520 70560 433440 453600 463680 40320 181440 262080 221760 403200 453600 292320 524160 302400 463680 10080 171360 564480 292320 554400 110880 493920 403200 544320 90720 302400 30240 191520 393120 40320 10080 10080 80640 110880 413280 30240 372960 594720 413280 30240 352800 241920 604800 231840 332640 80640 60480 332640 524160 120960 544320 564480 413280 151200 534240 554400 50400 161280 544320 393120 524160 514080 514080 211680 70560 372960 292320 604800 40320 211680 161280 10080 564480 584640 221760 141120 564480 584640 423360 493920 292320 80640 473760 110880 534240 342720 70560 231840 604800 594720 584640 413280 413280 50400 181440 574560 302400 433440 362880 171360 302400 544320 463680 443520 252000 544320 443520 483840 433440 201600 312480 554400 554400 383040 10080 262080 241920 151200 100800 151200 50400 211680 151200 171360 241920 131040 90720 60480 493920 383040 20160 574560 90720 272160 564480 302400 594720 191520 70560 70560 40320 393120 120960 282240 514080 30240 231840 231840 524160 211680 231840 352800 564480 70560 514080 443520 594720 322560 10080 443520 60480 191520 302400 604800 564480 312480 332640 453600 574560 30240 201600 221760 20160 181440 50400 241920 443520 70560 191520 211680 302400 564480 90720 423360 433440 534240 362880 443520 211680 534240 322560 423360 403200 564480 211680 544320 151200 70560 211680 292320 574560 241920 60480 534240 362880 504000 20160 221760 393120 584640 70560 10080 110880 252000 120960 453600 554400 70560 433440 433440 90720 241920 413280 252000 50400 584640 161280 473760 544320 181440 604800 282240 161280 201600 120960 282240 403200 60480 322560 312480 514080 241920 161280 211680 574560 352800 40320 80640 352800 171360 161280 201600 453600 100800 241920 493920 60480 211680 50400 241920 574560 322560 262080 80640 201600 413280 413280 322560 453600 544320 504000 594720 332640 252000 342720 30240 60480 594720 302400 262080 50400 191520 110880 110880 191520 302400 463680 584640 383040 483840 80640 151200 524160 60480 201600 413280 90720 443520 221760 231840 181440 30240 282240 372960 282240 292320 282240 493920 453600 322560 10080 443520 50400 524160 312480 604800 131040 483840 20160 312480 211680 252000 191520 181440 312480 564480 10080 534240 342720 171360 70560 110880 131040 524160 191520 504000 413280 120960 282240 292320 211680 594720 90720 383040 40320 221760 171360 191520 100800 413280 161280 564480 201600 352800 201600 483840 30240 241920 262080 342720 241920 604800 191520 191520 413280 423360 60480 252000 40320 332640 604800 463680 524160 514080 352800 393120 332640 231840 252000 40320 100800 332640 453600 70560 473760 453600 282240 453600 181440 483840 252000 322560 463680 493920 524160 231840 171360 524160 493920 70560 604800 20160 131040 241920 493920 524160 20160 282240 534240 413280 312480 40320 493920 423360 272160 302400 252000 372960 473760 383040 90720 362880 161280 50400 40320 282240 80640 352800 473760 60480 40320 362880 332640 372960 191520 443520 433440 20160 60480 453600 564480 181440 544320 504000 584640 383040 362880 90720 594720 453600 362880 50400 524160 352800 110880 594720
M
 4 8 5 6 7 6 8 5 7 4 7 7 7 5 8 8 6 7 5 6 7 8 8 7 7 6 6 8 4 5 5 7 7 6 4 8 8 4 7 8 8 4 6 4 8 7 7 7 7 8 8 5 4 4 6 5 5 8 5 8 5 6 7 7 5 4 8 7 7 8 7 5 5 4 7 8 5 4 6 4 4 7 7 6 4 4 4 5 7 7 7 4 5 5 8 4 4 8 6 7 6 5 6 6 4 8 7 5 6 5 6 5 5 6 8 8 5 6 4 5 4 7 7 6 6 5 4 8 5 6 6 6 7 6 4 7 8 7 7 7 5 5 8 7 4 6 7 8 5 4 4 5 5 4 8 6 4 7 4 8 8 4 8 7 7 4 5 7 6 5 5 8 7 6 5 6 7 7 5 8 8 8 5 8 6 4 7 4 7 8 4 4 4 6 8 4 4 5 7 5 5 7 5 7 4 8 6 7 7 7 8 4 6 5 6 4 8 5 7 7 7 6 4 7 4 4 4 4 6 7 4 5 7 6 8 6 5 8 5 6 5 5 7 4 5 5 5 5 4 8 8 4 5 4 7 8 6 7 8 5 5 4 6 7 8 7 7 5 5 5 8 5 7 7 4 4 6 4 7 7 7 7 8 8 7 7 6 6 6 4 8 8 8 4 5 5 8 4 7 6 7 4 5 4 4 5 7 6 5 5 5 5 7 6 6 5 5 4 7 8 4 8 7 5 4 7 7 6 4 8 4 4 5 7 4 8 7 8 7 8 6 6 4 5 7 4 5 6 6 5 4 8 5 5 6 7 7 6 4 4 4 8 7 4 7 6 4 8 6 4 4 8 4 8 7 7 6 7 7 4 6 8 7 4 6 4 8 6 6 4 7 5 7 4 7 7 4 8 4 7 8 5 6 7 8 5 6 5 5 6 6 5 4 4 4 7 5 5 8 5 6 8 4 5 7 4 8 6 4 8 7 5 8 4 8 5 8 8 6 5 8 6 6 7 7 4 8 4 5 6 6 5 5 5 4 8 6 6 6 5 4 4 4 5 5 7 7 6 5 6 5 8 5 6 8 5 4 6 8 4 4 5 5 7 7 4 7 8 6 7 4 8 5 5 6 4 7 6 5 7 7 7 6 4 7 6 5 6 5 8 5 4 7 7 7 7 7 7 8 6 7 7 6 6 8 5 5 7 4 7 6 6 6 7 6 7 8 7 8 6 4 8 6 5 6 8 5 6 6 4 4 7 8 7 6 8 6 5 4 8 6 6 5 8 6 6 6 7 8 4 7 8 5 7 5 8 8 4 5 7 6 5 6 8 8 5 8 7 6 8 5 7 6 8 8 8 4 8 8 7 6 5 7 6 6 7 4 8 5 8 4 7 6 6 5 7 7 7 7 5 4 7 4 7 8 5 7 7 7 4 7 6 6 7 5 6 6 7 5 6 5 8 4 6 4 5 4 4 4 5 8 5 4 6 8 8 7 7 5 7 4 7 6 8 8 8 5 8 5 8 7 6 5 7 7 7 6 4 6 5 6 5 6 7 4 4 4 6 5 7 7 7 7 8 8 4 6 8 8 8 5 4 6 8 5 5 8 8 7 8 7 7 7 6 4 5 5 4 8 8 5 7 6 5 6 4 6 6 6 8 7 6 7 5 6 4 4 4 6 4 6 6 4 8 6 5 6 7 6 8 6 8 8 7 4 5 7 8 5 7 6 5 4 7 5 4 6 5 5 6 7 8 7 5 4 8 5 4 8 5 8 4 7 6 5 7 7 5 6 7 6 5 5 7 4 5 7 8 6 4 6 6 6 5 5 8 4 8 6 7 4 7 7 5 5 6 8 4 7 6 4 8 8 8 6 6 8 4 7 6 7 5 7 8 4 6 8 7 6 5 4 4 5 6 8 7 7 8 8 8 8 4 6 5 6 7 4 8 8 4 8 6 7 7 5 8 8 5 6 7 6 4 7 8 8 7 7 5 6 8 7 8 6 6 5 6 6 5 7 7 5 4 6 7 5 7 6 4 7 8 4 6 4 5 4 5 8 5 7 7 6 6 7 6 5 7 7 5 5 4 6 7 7 4 7 7 5 5 8 7 7 6 8 4 4 7 5 5 8 5 7 5 4 7 5 6 5 4 4 4 8 6 7 5 5 8 7 6 6 6 4 8 6 7 4 8 4 5 4 7 7 6 5 8 7 6 8 6 7 4 5 8 7 5 6 6 4 6 5 5 6 6 6 7 8 8 4 7 6 5
